# receptor_pharmacophore-ligand_pharmacophore counts
PDB,Hydrophobe-Hydrophobe,Acceptor-Donor,Donor-Acceptor,PosIonizable-NegIonizable,NegIonizable-PosIonizable,Aromatic-Aromatic,Aromatic-PosIonizable,PosIonizable-Aromatic,Kd,log(Kd)
1a08,0,0,1,0,0,0,0,0,2400.0,7.783224016336037
1a42,2,2,2,0,0,0,0,0,0.13,1.0
1a50,0,0,2,0,0,0,0,1,200.0,5.298317366548036
1a4k,10,0,0,0,0,0,0,0,10.0,2.302585092994046
1ahy,0,0,9,0,0,0,0,1,440000.0,12.994530005894443
1ahx,0,0,8,0,0,0,0,1,120000.0,11.695247021764184
1b0h,0,0,1,0,0,0,0,0,200.0,5.298317366548036
1adl,9,0,0,0,0,0,0,0,4400.0,8.389359819906353
1axs,19,0,2,0,0,1,0,0,17.0,2.833213344056216
1bcu,6,5,0,0,0,0,0,0,530000.0,13.180632285528304
1bgq,0,2,0,0,0,0,0,0,2.7,0.9932517730102834
1bnq,2,2,2,0,0,0,0,0,0.32,1.0
1bnt,4,2,3,0,0,0,0,0,0.16,1.0
1bnu,1,2,3,0,0,0,0,0,0.2,1.0
1c12,20,0,0,0,0,0,0,0,1.9,0.6418538861723947
1cnx,5,1,2,0,0,0,0,0,43.0,3.7612001156935624
1cbr,6,0,0,0,0,0,0,0,0.4,1.0
1czc,0,0,10,0,0,0,0,1,1500000.0,14.22097566607244
1d2s,15,0,0,0,0,0,0,0,0.18,1.0
1cze,0,0,9,0,0,0,0,1,2400000.0,14.690979295318174
1d4p,7,9,0,0,1,0,0,0,500.0,6.214608098422191
1dbb,5,0,1,0,0,0,0,0,1.0,0.0
1d6v,25,0,2,0,0,1,0,0,670.0,6.507277712385012
1e5a,1,0,1,0,0,0,0,0,23.0,3.1354942159291497
1e3g,2,1,1,0,0,0,0,0,0.99,1.0
1etz,38,2,2,0,0,1,0,0,58.0,4.060443010546419
1f4x,2,1,4,0,0,0,0,0,2600.0,7.8632667240095735
1fcy,2,0,0,0,0,0,0,0,3.0,1.0986122886681098
1fcz,1,0,0,0,0,0,0,0,0.6,1.0
1fj4,2,0,0,0,0,0,0,0,26000.0,10.165851817003619
1fcx,19,0,1,0,0,0,0,0,64.0,4.1588830833596715
1fe3,7,0,0,0,0,0,0,0,46.7,3.8437441646748516
1fl3,36,0,0,0,0,2,0,0,160.0,5.075173815233827
1flr,7,0,5,0,0,0,0,0,0.1,1.0
1fpp,1,0,0,0,0,0,0,0,10.0,2.302585092994046
1g1d,4,1,2,0,0,0,0,0,0.36,1.0
1g45,4,1,2,0,0,0,0,0,2.3,0.8329091229351039
1g48,6,1,2,0,0,0,0,0,3.9,1.3609765531356006
1g46,5,1,2,0,0,0,0,0,1.6,0.47000362924573563
1g4o,5,1,2,0,0,0,0,0,5.6,1.7227665977411035
1g53,6,1,2,0,0,0,0,0,0.91,1.0
1g4j,4,2,0,0,0,0,0,0,2.0,0.6931471805599453
1g52,6,1,2,0,0,0,0,0,0.29,1.0
1g54,6,1,2,0,0,0,0,0,1.5,0.4054651081081644
1g50,1,0,2,0,0,0,0,0,530.0,6.272877006546167
1ggd,0,5,6,0,0,0,0,0,1600.0,7.3777589082278725
1gpy,0,1,1,0,0,0,0,0,20000.0,9.903487552536127
1gt3,3,0,0,0,0,0,0,0,350.0,5.857933154483459
1gt1,5,0,0,0,0,0,0,0,1000.0,6.907755278982137
1gt5,4,1,1,0,0,0,0,0,800.0,6.684611727667927
1gwr,1,0,2,0,0,0,0,0,250.0,5.521460917862246
1gwq,2,0,2,0,0,0,0,0,76.0,4.330733340286331
1gni,56,0,0,0,0,0,0,0,8.5,2.1400661634962708
1h61,3,0,3,0,0,0,0,0,13000.0,9.472704636443673
1h62,3,0,2,0,0,0,0,0,17000.0,9.740968623038354
1gnj,51,0,1,0,0,0,0,0,91.0,4.51085950651685
1hk5,3,0,1,0,0,0,0,0,5720.0,8.651724084373843
1hmr,9,0,0,0,0,0,0,0,280.0,5.634789603169249
1hmt,11,0,0,0,0,0,0,0,1640.0,7.402451520818244
1hn2,6,0,0,0,0,0,0,0,1000.0,6.907755278982137
1hms,8,0,0,0,0,0,0,0,430.0,6.063785208687608
1ha2,2,0,2,1,0,0,0,0,2900.0,7.9724660159745655
1h9z,0,0,1,0,0,0,0,0,3800.0,8.242756345714477
1hk4,3,0,1,0,0,0,0,0,4900.0,8.496990484098719
1i7z,3,0,1,0,0,0,0,0,400.0,5.991464547107982
1i9p,3,1,2,0,0,0,0,0,3.9,1.3609765531356006
1i9l,4,1,0,0,0,0,0,0,3.3,1.1939224684724346
1i9n,4,1,2,0,0,0,0,0,2.2,0.7884573603642703
1i9q,3,1,2,0,0,0,0,0,3.9,1.3609765531356006
1i9o,4,1,1,0,0,0,0,0,3.8,1.33500106673234
1i9m,7,2,1,0,0,0,0,0,3.3,1.1939224684724346
1if8,6,1,2,0,0,0,0,0,0.23,1.0
1is0,0,0,2,0,0,0,0,0,100.0,4.605170185988092
1if7,1,1,2,0,0,0,0,0,0.03,1.0
1ikt,4,0,3,0,0,0,0,0,400000.0,12.89921982609012
1jgl,27,0,1,0,0,0,0,0,2.0,0.6931471805599453
1kdk,0,0,1,0,0,0,0,0,0.9,1.0
1k1l,10,10,2,0,1,0,0,0,125.0,4.8283137373023015
1kjr,0,0,3,0,0,0,0,0,880.0,6.779921907472252
1kmy,3,3,2,0,0,1,0,0,8000.0,8.987196820661973
1kv1,0,4,0,0,0,0,0,0,1160.0,7.05617528410041
1l5q,15,0,0,0,0,0,0,1,108000.0,11.589886506106357
1l5s,14,0,0,0,0,0,0,1,550000.0,13.217673557208654
1l5r,15,0,0,0,0,0,0,1,17000.0,9.740968623038354
1lgt,15,0,0,0,0,0,0,0,800.0,6.684611727667927
1l7x,15,0,0,0,0,0,0,1,92000.0,11.429543856031177
1lhv,18,1,0,0,0,0,0,0,1.23,0.20701416938432612
1lhu,2,1,2,0,0,0,0,0,1.48,0.3920420877760237
1lhw,0,1,2,0,0,0,0,0,0.83,1.0
1lfo,3,0,0,0,0,0,0,0,200.0,5.298317366548036
1lnm,10,1,2,0,0,0,0,0,2.0,0.6931471805599453
1lke,11,1,2,0,0,0,0,0,30.2,3.407841924380824
1lrh,5,0,3,0,0,0,0,0,150.0,5.0106352940962555
1mj7,2,0,1,0,0,0,0,0,4.5,1.5040773967762742
1m48,6,4,0,0,1,0,0,0,8200.0,9.011889433252344
1mh5,0,0,1,0,0,0,0,0,0.61,1.0
1mjj,20,0,0,0,0,1,0,0,1.83,0.6043159668533296
1ms6,1,2,3,0,0,0,0,0,0.3,1.0
1n0s,0,2,1,0,0,0,0,0,35.2,3.5610460826040513
1nf8,4,0,2,0,0,0,0,0,15.0,2.70805020110221
1n8u,10,0,0,0,0,0,0,0,930.0,6.835184586147301
1n8v,18,1,0,0,0,0,0,0,930.0,6.835184586147301
1nu1,8,0,0,0,0,0,0,0,64.0,4.1588830833596715
1oay,7,0,0,0,0,0,0,0,1200.0,7.090076835776092
1okl,4,1,2,0,0,0,0,0,930.0,6.835184586147301
1oar,22,1,1,0,0,0,0,0,40.0,3.6888794541139363
1ogz,2,0,0,0,0,0,0,0,1400.0,7.24422751560335
1onz,0,0,1,0,0,0,0,0,8000.0,8.987196820661973
1osv,5,2,2,0,0,0,0,0,330000.0,12.706847933442663
1p93,3,1,3,0,0,0,0,0,19.0,2.9444389791664403
1q1g,0,2,0,0,0,0,0,0,2.7,0.9932517730102834
1q4l,0,1,3,0,0,0,0,0,40.0,3.6888794541139363
1q8t,1,1,0,0,0,0,0,0,17500.0,9.769956159911606
1q8w,0,1,1,0,1,0,0,0,5700.0,8.648221453822641
1q8u,11,0,0,0,0,0,0,0,1100.0,7.003065458786462
1q4x,13,0,3,0,0,0,0,0,0.33,1.0
1q7a,31,0,2,0,0,0,0,0,64.0,4.1588830833596715
1qkt,1,0,1,0,0,0,0,0,0.92,1.0
1qng,0,0,1,0,0,0,0,0,13.0,2.5649493574615367
1qnh,0,0,1,0,0,0,0,0,872.0,6.77078942390898
1qiw,4,1,0,0,0,0,0,0,18.0,2.8903717578961645
1ql7,17,0,0,0,0,0,0,0,10000.0,9.210340371976184
1qku,1,1,2,0,0,0,0,0,0.26,1.0
1qvt,17,2,0,0,0,2,0,0,42000.0,10.645424897265505
1r0p,5,0,2,0,0,0,0,0,10.0,2.302585092994046
1qvu,12,3,0,0,0,1,0,0,35000.0,10.46310334047155
1rd4,2,0,0,0,0,0,0,0,18.3,2.9069010598473755
1rmz,3,7,5,0,0,1,0,0,10.0,2.302585092994046
1sbr,0,0,2,0,0,0,0,0,10000.0,9.210340371976184
1sqn,4,0,1,0,0,0,0,0,0.4,1.0
1sre,19,0,0,0,0,2,0,0,140000.0,11.84939770159144
1sqq,11,0,1,0,0,0,0,0,15.0,2.70805020110221
1t7f,2,1,1,0,0,0,0,0,1800.0,7.495541943884256
1t79,2,1,1,0,0,0,0,0,920.0,6.824373670043086
1t7r,2,1,1,0,0,0,0,0,1100.0,7.003065458786462
1tjp,0,0,2,0,0,0,0,1,38000.0,10.545341438708522
1td7,3,0,1,0,0,0,0,0,43000.0,10.668955394675699
1ttm,6,1,1,0,0,0,0,0,45.0,3.8066624897703196
1tyr,1,0,1,1,0,0,0,0,100.0,4.605170185988092
1u2r,4,0,4,0,0,0,0,0,3900.0,8.268731832117737
1udt,2,0,0,0,0,0,0,0,0.5,1.0
1uho,4,0,0,0,0,0,0,0,0.6,1.0
1udu,7,0,1,0,0,0,0,0,0.9,1.0
1vea,9,3,1,0,0,0,0,0,30.0,3.4011973816621555
1vyg,4,0,0,0,0,0,0,0,10.0,2.302585092994046
1w2x,19,0,0,0,0,0,0,0,7200.0,8.881836305004146
1w6y,3,2,0,0,0,0,0,0,4400.0,8.389359819906353
1xap,4,0,0,0,0,0,0,0,2.0,0.6931471805599453
1xow,3,1,1,0,0,0,0,0,0.52,1.0
1xpz,2,2,3,0,0,0,0,0,84.0,4.430816798843313
1xq0,1,2,3,0,0,0,0,0,454.0,6.118097198041348
1xws,0,1,0,0,0,0,0,0,10.0,2.302585092994046
1y0l,17,0,0,0,0,0,0,0,1.0,0.0
1y8p,0,0,1,0,0,0,0,0,840.0,6.733401891837359
1yc4,1,4,1,0,0,0,0,0,280.0,5.634789603169249
1yc1,1,2,0,0,0,0,0,0,680.0,6.522092798170152
1yej,9,0,1,0,0,0,0,0,35.0,3.5553480614894135
1z2b,11,0,3,0,0,0,0,0,400.0,5.991464547107982
2agv,2,1,0,0,0,0,0,0,20.0,2.995732273553991
2aa6,3,0,1,0,0,0,0,0,0.39,1.0
2aof,37,5,0,0,0,0,0,0,28200.0,10.247077256926206
2ao6,2,1,1,0,0,0,0,0,0.52,1.0
2amt,2,0,4,0,0,0,0,0,36000.0,10.491274217438248
2ay2,0,0,10,0,0,0,0,1,13100000.0,16.38812278817138
2ay1,0,0,8,0,0,0,0,1,5140000.0,15.452563637431348
2ay4,0,0,10,0,0,0,0,1,1240000.0,14.03062193758122
2ay6,0,0,8,0,0,0,0,1,780000.0,13.567049198665774
2arm,10,3,2,0,0,0,0,0,21.0,3.044522437723423
2ay5,0,0,8,0,0,0,0,1,2600000.0,14.77102200299171
2ay7,0,0,9,0,0,0,0,1,5000000.0,15.424948470398375
2ay9,0,0,10,0,0,0,0,1,6900000.0,15.747031969567487
2ay3,0,0,10,0,0,0,0,1,280000.0,12.542544882151386
2ay8,0,0,10,0,0,0,0,1,5800000.0,15.573368475516649
2b9a,0,0,2,0,0,0,0,0,9.0,2.1972245773362196
2bal,3,3,2,0,0,0,0,0,490.0,6.194405391104672
2bj4,6,0,1,0,0,0,0,0,34000.0,10.4341158035983
2bjm,34,0,0,0,0,1,0,0,200000.0,12.206072645530174
2bow,2,0,0,0,0,0,0,0,100000.0,11.512925464970229
2bys,5,0,0,0,0,0,0,0,0.3,1.0
2c1p,2,0,1,0,0,0,0,0,4000.0,8.294049640102028
2c3i,4,0,0,0,0,0,0,0,25.0,3.2188758248682006
2cgf,0,2,1,0,0,0,0,0,390.0,5.966146739123692
2cet,0,4,3,0,0,0,0,0,9.6,2.2617630984737906
2cgr,0,1,4,1,0,0,0,0,53.0,3.970291913552122
2cle,0,0,2,0,0,0,0,1,280000.0,12.542544882151386
2clk,0,0,2,0,0,0,0,1,164000.0,12.007621706806335
2cli,0,0,2,0,0,0,0,1,50000.0,10.819778284410283
2clh,0,0,2,0,0,0,0,1,87600.0,11.380536276924483
2clf,0,0,3,0,0,0,0,0,280000.0,12.542544882151386
2cvd,4,0,0,0,0,0,0,0,800.0,6.684611727667927
2doo,12,0,0,0,0,0,0,0,67.0,4.204692619390966
2e2r,1,2,0,0,0,0,0,0,5.5,1.7047480922384253
2f7i,3,0,0,0,0,0,0,0,80.0,4.382026634673881
2f8i,3,0,2,1,0,0,0,0,55.0,4.007333185232471
2fb8,4,0,1,0,0,0,0,0,0.16,1.0
2flh,0,0,2,0,0,0,0,0,106000.0,11.571194373094205
2fr3,7,0,0,0,0,0,0,0,2.0,0.6931471805599453
2fxs,1,2,1,0,0,0,0,0,870.0,6.76849321164863
2fv5,7,0,0,0,0,0,0,0,0.0,1.0
2g2r,6,0,0,0,0,0,0,0,13.0,2.5649493574615367
2g78,8,0,0,0,0,0,0,0,120.0,4.787491742782046
2g97,26,0,0,0,0,1,0,0,152.0,5.0238805208462765
2gfd,1,2,1,0,0,0,0,0,520.0,6.253828811575473
2gzl,3,0,4,0,0,0,0,0,15000.0,9.615805480084347
2h6b,7,1,5,1,0,0,0,0,4100.0,8.318742252692399
2ha3,0,0,1,0,0,0,0,0,930000.0,13.742939865129438
2hj4,12,2,1,0,0,1,1,0,4290.0,8.364042011922063
2hjb,13,2,1,0,0,1,1,0,40300.0,10.604106747934773
2hnx,14,0,0,0,0,0,0,0,83.0,4.418840607796598
2hu6,16,1,0,0,0,0,0,0,154000.0,11.944707881395766
2i6b,6,0,0,0,0,0,0,0,68.0,4.219507705176107
2iko,14,0,0,0,0,0,0,0,3571.0,8.18060094759445
2iku,21,0,0,0,0,0,0,0,79.0,4.3694478524670215
2imd,3,0,4,0,0,0,0,0,5.0,1.6094379124341003
2itp,2,0,1,0,0,0,0,0,11.3,2.424802725718295
2ito,2,1,2,0,0,0,0,0,123.6,4.817050545023591
2itt,4,0,2,0,0,0,0,0,1.7,0.5306282510621704
2itz,3,1,1,0,0,0,0,0,2.6,0.9555114450274363
2ity,3,0,1,0,0,0,0,0,53.5,3.979681653901961
2iwu,0,2,0,0,0,0,0,0,1200.0,7.090076835776092
2iwx,0,2,1,0,0,0,0,0,210.0,5.3471075307174685
2iws,6,1,0,0,0,0,0,0,440.0,6.0867747269123065
2j3q,18,0,0,0,0,2,0,0,700.0,6.551080335043404
2j6m,2,0,1,0,0,0,0,0,10.9,2.388762789235098
2jiu,5,0,1,0,0,0,0,0,27.6,3.3178157727231046
2nmx,5,1,2,0,0,0,0,0,2700.0,7.90100705199242
2nn7,1,1,2,0,0,0,0,0,300.0,5.703782474656201
2nnv,0,2,1,0,0,0,0,0,30.0,3.4011973816621555
2nns,0,2,1,0,0,0,0,0,900.0,6.802394763324311
2ntf,5,3,5,0,0,0,0,0,300.0,5.703782474656201
2o3z,1,0,1,1,0,0,0,0,2000.0,7.600902459542082
2p7g,1,2,0,0,0,0,0,0,297.0,5.6937321388027
2p7z,3,3,0,0,1,0,0,0,262.0,5.568344503761097
2pcp,10,0,0,0,0,0,0,0,2.0,0.6931471805599453
2phb,15,3,2,0,0,0,0,0,0.32,1.0
2pgz,8,1,1,0,0,0,0,0,1800.0,7.495541943884256
2q7y,14,0,0,0,0,0,0,0,50000.0,10.819778284410283
2qfo,4,0,1,0,0,0,0,0,20000.0,9.903487552536127
2q7q,13,2,1,0,0,1,1,0,5000.0,8.517193191416238
2qhm,0,2,1,0,0,0,0,0,660.0,6.492239835020471
2qky,3,0,2,0,0,0,0,0,0.25,1.0
2qhd,7,0,4,0,0,0,0,0,4200.0,8.34283980427146
2qm9,19,0,0,0,0,0,0,0,17.0,2.833213344056216
2qry,1,0,1,0,0,0,0,0,2.3,0.8329091229351039
2rkn,27,0,0,0,0,0,0,0,60.0,4.0943445622221
2uwd,1,3,1,0,0,0,0,0,4.5,1.5040773967762742
2uxi,0,0,1,0,0,0,0,0,50.0,3.912023005428146
2uxu,1,1,1,0,0,0,0,0,18000.0,9.798127036878302
2v00,8,0,0,0,0,0,0,0,220000.0,12.301382825334498
2v58,4,3,1,0,0,0,0,0,0.82,1.0
2v57,14,0,0,0,0,4,0,0,79.0,4.3694478524670215
2vba,6,0,0,0,0,0,0,0,25000.0,10.126631103850338
2v95,3,1,0,0,0,0,0,0,5.0,1.6094379124341003
2v7a,4,1,0,0,0,0,0,0,5.0,1.6094379124341003
2vb8,2,0,0,0,0,0,0,0,25000.0,10.126631103850338
2vrj,11,3,3,0,0,0,0,0,500.0,6.214608098422191
2vuk,3,0,0,0,0,0,0,0,125000.0,11.736069016284437
2w16,0,0,1,0,0,0,0,0,0.1,1.0
2w6u,0,0,1,0,0,0,0,0,10000.0,9.210340371976184
2w78,0,0,1,0,0,0,0,0,2.7,0.9932517730102834
2w76,0,0,2,0,0,0,0,0,10000.0,9.210340371976184
2weh,5,1,2,0,0,0,0,0,1125.0,7.025538314638521
2wc4,5,2,3,0,0,0,0,0,5100.0,8.536995818712418
2wfj,0,0,1,0,0,0,0,0,70.0,4.248495242049359
2wgi,0,1,0,0,0,0,0,0,85000.0,11.350406535472453
2wer,0,2,0,0,0,0,0,0,90.0,4.499809670330265
2whp,15,1,2,0,0,0,0,0,100000.0,11.512925464970229
2wn9,3,0,1,0,0,0,0,0,3.0,1.0986122886681098
2wnc,14,0,0,0,0,0,0,0,479.0,6.171700597410915
2wnj,8,0,0,0,0,0,0,0,330.0,5.799092654460526
2won,15,1,0,0,0,0,0,0,624.0,6.436150368369428
2wuf,0,0,4,0,0,0,0,0,51000.0,10.839580911706463
2x2c,0,0,1,0,0,0,0,0,19.0,2.9444389791664403
2xab,9,1,0,0,0,0,0,0,0.54,1.0
2xcg,8,0,0,0,0,0,0,0,9.0,2.1972245773362196
2xdl,3,0,2,0,0,0,0,0,790000.0,13.579788224443204
2xdx,6,1,0,0,0,0,0,0,350.0,5.857933154483459
2xht,5,1,1,0,0,0,0,0,1100.0,7.003065458786462
2xhx,9,1,0,0,0,0,0,0,250.0,5.521460917862246
2xde,29,1,2,0,0,0,0,1,3420.0,8.13739583005665
2xhr,3,1,1,0,0,0,0,0,4.8,1.5686159179138452
2xj1,4,0,0,0,0,0,0,0,28.0,3.332204510175204
2xi7,0,2,2,1,0,0,0,0,7200.0,8.881836305004146
2xjg,11,1,0,0,0,0,0,0,15.0,2.70805020110221
2xj2,3,0,0,0,0,0,0,0,66.0,4.189654742026425
2xjx,0,2,1,0,0,0,0,0,0.71,1.0
2xjj,11,0,0,0,0,0,0,0,310.0,5.736572297479192
2xn3,10,0,1,0,0,0,0,0,1198.0,7.088408778675395
2xn5,0,2,1,0,0,0,0,0,205.0,5.3230099791384085
2xn7,0,0,1,0,0,0,0,0,0.1,1.0
2xp7,0,0,2,0,0,0,0,0,1700.0,7.438383530044307
2xzc,22,0,0,0,0,0,0,0,2300.0,7.7406644019172415
2y34,3,0,0,0,0,0,0,0,80.0,4.382026634673881
2y54,13,0,0,0,0,0,0,0,20000.0,9.903487552536127
2y1w,19,0,1,0,0,0,0,0,465.0,6.142037405587356
2y57,19,0,0,0,0,0,0,0,130.0,4.867534450455582
2y7p,0,1,2,0,0,0,0,0,3400.0,8.131530710604252
2y56,13,0,0,0,0,0,0,0,310.0,5.736572297479192
2yel,8,1,2,0,0,0,0,0,52.5,3.960813169597578
2yi5,1,3,0,0,0,0,0,0,39.0,3.6635616461296463
2ydw,15,0,0,0,0,0,0,0,46.0,3.828641396489095
2yek,13,0,0,0,0,0,0,0,61.3,4.115779842942166
2yi0,7,1,0,0,0,0,0,1,7.5,2.0149030205422647
2yix,2,2,0,0,0,0,0,0,3.3,1.1939224684724346
2yki,10,1,0,0,0,0,0,0,0.35,1.0
2yme,14,0,0,0,0,0,0,0,22.0,3.091042453358316
2z6w,0,0,1,0,0,0,0,0,13.4,2.5952547069568657
2z92,4,2,0,0,0,0,0,0,0.8,1.0
2zbk,3,2,1,0,0,0,0,0,2000.0,7.600902459542082
2zb1,1,0,0,0,0,0,0,0,480.0,6.173786103901937
2zdn,11,11,2,0,1,0,0,0,562.0,6.331501849893691
2zdm,9,10,0,0,1,0,0,0,386.0,5.955837369464831
2zdk,0,9,1,0,1,0,0,0,428.0,6.059123195581797
2zdl,12,11,1,0,1,0,0,0,402.0,5.996452088619021
2zft,12,11,0,0,1,0,0,0,300.0,5.703782474656201
2zfs,18,11,1,0,1,0,0,0,287.0,5.659482215759621
2zjv,0,1,0,0,0,0,0,0,7260.0,8.890135107818843
2zju,0,0,1,0,0,0,0,0,1557.0,7.350516171833998
2zmd,1,0,0,0,0,0,0,0,98.0,4.584967478670572
2zm3,0,1,1,0,0,0,0,0,614.0,6.419994928147142
2zq1,0,9,0,0,1,0,0,0,239.0,5.476463551931511
3acl,42,0,0,0,0,2,0,0,600.0,6.396929655216146
3adt,4,0,3,0,0,0,0,0,28000.0,10.239959789157341
3adu,3,0,1,0,0,0,0,0,72800.0,11.195471234184778
3ads,9,0,0,0,0,0,0,0,9730.0,9.18296917518005
3ao2,1,0,0,0,0,0,0,0,170000.0,12.043553716032399
3ao4,0,0,2,0,0,0,0,0,8500000.0,15.955576721460545
3ao5,1,0,1,0,0,0,0,0,5900000.0,15.590462908875947
3arr,3,0,1,0,0,3,0,0,4000.0,8.294049640102028
3aqa,11,1,0,0,0,0,0,0,28000.0,10.239959789157341
3arz,9,0,1,0,0,2,0,0,1000.0,6.907755278982137
3arw,28,0,1,0,0,1,0,0,700.0,6.551080335043404
3arx,0,0,0,0,0,3,0,0,4700.0,8.45531778769815
3arq,21,1,0,0,0,0,0,0,400.0,5.991464547107982
3aru,0,0,1,0,0,3,0,0,600000.0,13.304684934198283
3arv,24,0,0,0,0,3,0,0,2300.0,7.7406644019172415
3ary,9,0,0,0,0,1,0,0,1000.0,6.907755278982137
3as0,27,0,0,0,0,0,1,0,28000.0,10.239959789157341
3au6,0,0,4,0,0,1,0,0,12.0,2.4849066497880004
3b25,2,1,0,0,0,0,0,0,860.0,6.756932389247553
3az8,1,0,0,0,0,0,0,0,1000.0,6.907755278982137
3b2q,2,1,3,0,0,0,0,0,28000.0,10.239959789157341
3a73,13,0,0,0,0,0,0,0,420000.0,12.948009990259552
3b4p,34,0,0,0,0,0,0,0,4000.0,8.294049640102028
3b26,6,1,0,0,0,0,0,0,230.0,5.438079308923196
3bjm,15,1,1,0,0,0,0,0,5.0,1.6094379124341003
3blr,9,1,1,0,0,0,0,0,6.4,1.8562979903656263
3bti,3,0,0,0,0,0,0,0,720.0,6.579251212010101
3btl,14,0,0,0,0,0,0,0,1090.0,6.993932975223189
3buh,8,1,0,0,0,0,0,0,220000.0,12.301382825334498
3c4h,17,0,1,0,0,1,0,0,2000.0,7.600902459542082
3btc,11,0,0,0,0,0,0,0,1770.0,7.478734825567875
3c79,2,0,0,0,0,1,0,0,63.0,4.143134726391533
3c84,7,0,1,0,0,0,0,0,14.0,2.6390573296152584
3c49,45,3,7,0,0,3,0,0,70.0,4.248495242049359
3ccw,2,1,4,1,0,0,0,0,13.5,2.6026896854443837
3ce0,44,0,1,0,0,3,0,0,700.0,6.551080335043404
3cft,1,0,0,0,0,0,0,0,64000.0,11.06663836234181
3cgy,23,1,0,0,0,1,0,0,715000.0,13.480037821676145
3cj2,4,0,0,0,0,0,0,0,14000.0,9.546812608597396
3cj5,5,0,1,0,0,0,0,0,460.0,6.131226489483141
3cj4,5,0,5,0,0,0,0,0,310.0,5.736572297479192
3cr4,12,2,1,0,0,0,0,0,53000.0,10.87804719253426
3cr5,23,0,0,0,0,1,0,0,64000.0,11.06663836234181
3cwk,2,0,0,0,0,0,0,0,250.0,5.521460917862246
3d1f,0,0,2,0,0,0,0,1,1800.0,7.495541943884256
3d0b,4,1,0,0,0,0,0,0,290.0,5.66988092298052
3cz1,7,1,1,0,0,0,0,0,55.0,4.007333185232471
3cyz,8,0,0,0,0,0,0,0,60.0,4.0943445622221
3d62,3,1,0,0,0,0,0,0,800.0,6.684611727667927
3cx9,4,0,1,1,0,0,0,0,12900.0,9.464982590349763
3d78,6,1,0,0,0,0,0,0,23.0,3.1354942159291497
3da9,19,3,1,0,0,0,0,0,3100.0,8.039157390473237
3dp9,6,4,0,0,0,0,0,0,0.21,1.0
3dsu,12,0,2,0,0,0,0,0,94.0,4.543294782270004
3dst,14,0,5,1,0,0,0,0,0.83,1.0
3dxk,10,0,1,0,0,0,0,0,470.0,6.152732694704104
3dxm,3,1,2,0,0,0,0,0,1000.0,6.907755278982137
3dxj,6,1,1,0,0,0,0,0,600.0,6.396929655216146
3dzt,31,0,0,0,0,0,0,0,60.2,4.097672352314776
3e5u,8,0,5,1,0,0,0,0,1400.0,7.24422751560335
3e64,0,4,1,0,0,0,0,0,78.0,4.356708826689592
3e85,21,0,0,0,0,1,0,0,4200.0,8.34283980427146
3ebl,22,0,0,0,0,0,0,0,500.0,6.214608098422191
3ed0,16,3,5,0,0,0,0,0,450.0,6.1092475827643655
3eov,0,0,1,0,0,0,0,0,63.0,4.143134726391533
3elc,1,0,5,0,0,0,0,0,2020000.0,14.518608069377388
3eor,4,0,6,0,0,0,0,0,40000000.0,17.50439001207821
3esj,8,0,5,0,0,0,0,0,925000.0,13.737549016494562
3ern,4,0,5,0,0,0,0,0,18910000.0,16.75520144063464
3eml,11,0,0,0,0,0,0,0,1.8,0.5877866649021191
3f19,3,5,5,0,0,1,0,0,65.1,4.175924549214524
3f17,16,5,4,0,0,2,0,0,2.36,0.8586616190375187
3f15,3,5,5,0,0,1,0,0,7.88,2.064327903869788
3f3e,1,2,1,0,0,0,0,0,20.0,2.995732273553991
3f3d,5,0,0,0,0,0,0,0,69.0,4.23410650459726
3f48,2,0,0,0,0,0,0,0,512.0,6.238324625039508
3f3u,11,3,0,0,0,0,0,0,18000.0,9.798127036878302
3f8c,21,0,1,0,0,4,0,0,21.0,3.044522437723423
3fea,1,1,0,0,0,0,0,0,36.0,3.58351893845611
3fh7,15,0,1,0,0,0,0,0,25.0,3.2188758248682006
3fql,6,0,1,0,0,0,0,0,71.0,4.2626798770413155
3fuc,1,4,0,0,0,0,0,0,0.19,1.0
3g0e,0,2,1,0,0,0,0,0,20.0,2.995732273553991
3g0f,0,2,1,0,0,0,0,0,22.0,3.091042453358316
3fzn,2,0,0,0,0,0,0,0,97000.0,11.48246625748552
3g5d,2,3,2,0,0,0,0,0,11.0,2.3978952727983707
3gcv,10,2,3,0,0,0,0,0,74.0,4.30406509320417
3gcp,3,0,1,0,0,0,0,0,15.0,2.70805020110221
3gcs,1,0,1,0,0,0,0,0,56.0,4.02535169073515
3gcu,14,0,1,0,0,0,0,0,165.0,5.10594547390058
3gcq,1,0,0,0,0,0,0,0,342.0,5.834810737062605
3gk4,2,0,1,0,0,0,0,0,120000.0,11.695247021764184
3gm0,3,0,0,0,0,0,0,0,17.0,2.833213344056216
3gk1,18,0,0,0,0,0,0,0,80000.0,11.289781913656018
3gjd,6,0,0,0,0,0,0,0,46.8,3.845883202923601
3gws,2,0,4,0,0,0,0,0,0.08,1.0
3gus,2,0,0,0,0,2,0,0,900.0,6.802394763324311
3gxz,1,2,2,0,0,0,0,0,13.0,2.5649493574615367
3gxy,4,3,2,0,0,0,0,0,2600.0,7.8632667240095735
3gy3,7,11,0,0,1,0,0,0,2360.0,7.7664168980196555
3h1x,11,0,3,1,0,0,0,0,1300.0,7.170119543449628
3hec,2,0,0,0,0,0,0,0,34000.0,10.4341158035983
3hjo,1,0,0,0,0,0,0,0,300.0,5.703782474656201
3hmp,0,1,0,0,0,0,0,0,3240.0,8.083328608786376
3hmo,1,0,0,0,0,0,0,0,30.5,3.417726683613366
3hrf,10,0,1,0,0,0,0,0,10300.0,9.239899174217728
3hv7,1,0,0,0,0,0,0,0,12.0,2.4849066497880004
3huc,2,0,1,0,0,0,0,0,1030.0,6.937314081223682
3hub,3,0,1,0,0,0,0,0,8.2,2.1041341542702074
3i9g,6,1,0,0,0,0,0,0,1.1,0.09531017980432493
3ie3,5,0,0,0,0,2,0,0,210.0,5.3471075307174685
3ig1,0,1,0,0,0,0,0,0,730.0,6.593044534142437
3ijg,12,0,0,0,0,3,0,0,54000.0,10.896739325546411
3imy,11,0,1,0,0,0,0,0,0.2,1.0
3ioc,0,2,1,0,0,0,0,0,210000.0,12.254862809699606
3isj,1,1,2,0,0,0,0,0,210000.0,12.254862809699606
3iub,6,0,0,0,0,0,0,0,29000.0,10.275051108968611
3ivg,8,0,4,0,0,0,0,0,50000.0,10.819778284410283
3ivc,4,0,3,0,0,0,0,0,75000.0,11.225243392518447
3iue,3,2,4,0,0,0,0,0,1500.0,7.313220387090301
3ivx,5,0,3,0,0,0,0,0,1800.0,7.495541943884256
3iw5,12,0,0,0,0,0,0,0,839.0,6.732210706467206
3iw6,14,0,0,0,0,0,0,0,3290.0,8.098642843759418
3iw7,19,0,0,0,0,0,0,0,2300.0,7.7406644019172415
3iw8,2,0,1,0,0,0,0,0,13400.0,9.503009985939002
3jrs,6,0,1,0,0,0,0,0,52000.0,10.858998997563564
3jup,0,2,2,0,1,0,0,0,2630.0,7.874739125171811
3juq,0,0,5,2,0,0,0,0,12400.0,9.425451751593128
3jvs,1,0,0,0,0,0,0,0,290.0,5.66988092298052
3juo,24,1,0,0,0,0,0,0,8550.0,9.053686561930807
3k54,2,2,1,0,0,0,0,0,1.0,0.0
3k5v,4,0,0,0,0,0,0,0,500.0,6.214608098422191
3k5i,2,1,1,0,0,0,0,0,20000.0,9.903487552536127
3k98,0,2,0,0,0,0,0,0,1.0,0.0
3kdm,21,2,1,0,0,0,0,0,100.0,4.605170185988092
3kgt,2,0,0,0,0,0,0,0,3100.0,8.039157390473237
3kgu,2,0,0,0,0,0,0,0,1200.0,7.090076835776092
3kjd,28,1,2,0,0,1,0,0,2.9,1.0647107369924282
3kmx,5,0,0,0,0,0,0,0,15000.0,9.615805480084347
3kmy,19,0,0,0,0,0,0,0,32000.0,10.373491181781864
3kr8,44,0,1,0,0,0,0,0,8.0,2.0794415416798357
3l1n,4,0,3,0,0,0,0,0,2340.0,7.757906208351747
3l59,0,6,0,0,1,0,0,0,200000.0,12.206072645530174
3l5b,0,3,0,0,0,0,0,0,123000.0,11.719939634354555
3l8s,3,0,2,0,0,0,0,0,99.0,4.59511985013459
3l8x,0,1,0,0,0,0,0,0,10.0,2.302585092994046
3lbz,5,0,3,1,0,0,0,0,138000.0,11.835008964139341
3le8,7,0,0,0,0,0,0,0,860.0,6.756932389247553
3lhj,7,1,0,0,0,0,0,0,0.31,1.0
3lk0,6,0,0,0,0,0,0,0,696900.0,13.45439720742661
3lle,7,0,2,0,0,0,0,0,10700.0,9.277999020449997
3lka,2,1,0,0,0,0,0,0,1500000.0,14.22097566607244
3ljj,12,11,2,0,1,0,0,0,300.0,5.703782474656201
3ljo,7,11,1,0,1,0,0,0,239.0,5.476463551931511
3lxk,0,2,0,0,0,0,0,0,0.16,1.0
3lzu,2,0,0,0,0,0,0,0,0.09,1.0
3m5e,5,1,2,0,0,0,0,0,43.0,3.7612001156935624
3m40,5,1,2,0,0,0,0,0,170.0,5.135798437050262
3m6q,5,6,3,0,0,0,0,0,48.0,3.871201010907891
3m67,1,3,2,0,0,0,0,0,180.0,5.19295685089021
3m6p,6,7,3,0,0,0,0,0,4.5,1.5040773967762742
3m6r,6,7,3,0,0,0,0,0,32.0,3.4657359027997265
3m96,4,2,2,0,0,0,0,0,60.0,4.0943445622221
3me9,0,0,1,0,0,0,0,0,500.0,6.214608098422191
3mj1,3,1,0,0,0,0,0,0,15.0,2.70805020110221
3mho,6,1,2,0,0,0,0,0,320.0,5.768320995793772
3mhm,6,1,2,0,0,0,0,0,100.0,4.605170185988092
3miy,11,2,1,0,0,0,0,0,21.0,3.044522437723423
3ms9,1,1,0,0,0,0,0,0,6000.0,8.699514748210191
3mss,3,0,0,0,0,0,0,0,22000.0,9.998797732340453
3myg,1,1,1,0,0,0,0,0,0.02,1.0
3myq,3,1,3,0,0,0,0,0,30.0,3.4011973816621555
3n6k,2,0,0,0,0,0,0,0,180.0,5.19295685089021
3nam,1,0,0,0,0,0,0,0,3.5,1.252762968495368
3n7h,3,0,0,0,0,0,0,0,31300.0,10.351373376528244
3nes,13,0,0,0,0,0,0,0,2400.0,7.783224016336037
3neo,4,0,0,0,0,0,0,0,1200.0,7.090076835776092
3nex,8,0,0,0,0,0,0,0,1000.0,6.907755278982137
3new,3,1,2,0,0,0,0,0,10000.0,9.210340371976184
3nk8,2,0,2,0,0,0,0,0,1000000.0,13.815510557964274
3nga,6,0,0,0,0,0,0,0,10.0,2.302585092994046
3njq,9,0,0,0,0,0,0,0,13000.0,9.472704636443673
3nhi,33,1,0,0,0,0,0,0,3.7,1.308332819650179
3nht,19,1,1,0,0,0,0,0,98.0,4.584967478670572
3nsq,9,0,0,0,0,0,0,0,6200.0,8.732304571033183
3o0e,4,1,4,0,0,0,0,0,1800.0,7.495541943884256
3nx7,3,5,5,0,0,1,0,0,7.88,2.064327903869788
3o2m,4,0,0,0,0,0,0,0,16000.0,9.680344001221918
3o56,3,0,0,0,0,0,0,0,0.79,1.0
3o84,0,0,2,0,0,0,0,0,58.0,4.060443010546419
3oap,2,0,2,0,0,0,0,0,550.0,6.309918278226516
3o8p,4,0,2,0,0,0,0,0,350.0,5.857933154483459
3odl,0,0,1,0,0,0,0,0,61.0,4.110873864173311
3odi,0,0,1,0,0,0,0,0,15.0,2.70805020110221
3ogm,3,0,0,0,0,0,0,0,48.0,3.871201010907891
3oob,0,0,2,0,0,0,0,0,21600.0,9.980448593672257
3ozj,14,0,2,0,0,0,0,0,7700.0,8.948975607841776
3p2h,13,0,0,0,0,0,0,0,3600.0,8.1886891244442
3p3s,1,0,0,0,0,0,0,0,26.0,3.258096538021482
3p3r,5,0,0,0,0,0,0,0,56.05,4.026244149518169
3p5o,12,0,2,0,0,0,0,0,55.2,4.01096295328305
3p0g,11,7,3,0,1,0,0,0,0.08,1.0
3p8h,6,1,0,0,1,0,0,0,5000.0,8.517193191416238
3pcu,1,0,1,0,0,0,0,0,5080.0,8.533066540572527
3pcn,0,1,3,0,0,0,0,0,220000.0,12.301382825334498
3pgu,1,0,0,0,0,0,0,0,200.0,5.298317366548036
3pm1,5,0,0,0,0,0,0,0,1180.0,7.07326971745971
3po1,0,4,2,0,0,0,0,0,95000.0,11.461632170582678
3pyy,0,0,8,0,0,0,0,0,137.0,4.919980925828125
3q4l,4,2,0,0,0,0,0,0,55.0,4.007333185232471
3qel,14,1,1,0,0,0,0,0,320.0,5.768320995793772
3qem,16,1,0,0,0,0,0,0,60.0,4.0943445622221
3qio,4,0,1,0,0,1,0,0,144.0,4.969813299576001
3qip,2,0,0,0,0,0,0,0,129.0,4.859812404361672
3qs4,3,0,0,0,0,0,0,0,21000.0,9.95227771670556
3qs5,1,3,1,0,0,0,0,0,19600.0,9.883284845218608
3qs6,1,1,1,0,0,0,0,0,12800.0,9.457200449907708
3qps,0,0,2,0,0,0,0,0,2500.0,7.824046010856292
3qlm,7,0,0,0,0,0,0,0,431.0,6.066108090103747
3que,1,0,0,0,0,0,0,0,1.5,0.4054651081081644
3r5n,19,0,1,0,0,0,0,0,1670.0,7.4205789054108005
3r5m,1,0,0,0,0,0,0,0,45700.0,10.729853576882297
3r8i,12,0,2,0,0,0,0,0,4500.0,8.411832675758411
3rbq,0,0,3,0,0,0,0,0,540.0,6.29156913955832
3rg2,0,0,3,0,0,0,0,0,63000.0,11.05089000537367
3r1v,28,0,0,0,0,0,0,0,120.0,4.787491742782046
3rey,7,0,0,0,0,1,0,0,10.0,2.302585092994046
3ri1,1,1,1,0,0,0,0,0,5000.0,8.517193191416238
3rlp,6,1,0,0,0,0,0,0,84.0,4.430816798843313
3rm4,8,0,0,0,0,0,0,0,1690.0,7.432483807917119
3rlb,5,0,0,0,0,0,0,0,0.12,1.0
3rsx,25,0,0,0,0,0,0,0,38800.0,10.566175525611365
3rtm,8,0,0,0,0,0,0,0,38400.0,10.555812738575819
3rth,14,0,0,0,0,0,0,0,6100.0,8.716044050161402
3ru1,2,0,0,0,0,0,0,0,14200.0,9.560997243589352
3rw9,0,1,1,0,0,0,0,0,1100.0,7.003065458786462
3run,0,1,1,0,0,0,0,1,3600.0,8.1886891244442
3ryj,5,0,3,0,0,0,0,0,16.0,2.772588722239781
3ryx,5,1,2,0,0,0,0,0,7.3,1.9878743481543455
3ryy,4,1,0,0,0,0,0,0,38.0,3.6375861597263857
3rz7,5,1,2,0,0,0,0,0,1.1,0.09531017980432493
3ryz,5,1,2,0,0,0,0,0,2.4,0.8754687373538999
3rz0,5,1,2,0,0,0,0,0,28.0,3.332204510175204
3rz5,6,1,2,0,0,0,0,0,13.0,2.5649493574615367
3rz1,5,1,2,0,0,0,0,0,1.8,0.5877866649021191
3rz8,7,1,2,0,0,0,0,0,6.7,1.9021075263969205
3s0b,16,0,0,0,0,0,0,0,320.0,5.768320995793772
3s3k,0,0,1,0,0,0,0,0,97690.0,11.489554478646989
3s72,2,2,2,0,0,0,0,0,400.0,5.991464547107982
3s74,4,1,1,0,0,0,0,0,4.0,1.3862943611198906
3s71,2,1,2,0,0,0,0,0,2.3,0.8329091229351039
3s9t,0,1,2,0,0,0,0,0,150.0,5.0106352940962555
3sap,5,1,2,0,0,0,0,0,26.0,3.258096538021482
3sbi,6,1,2,0,0,0,0,0,12.0,2.4849066497880004
3sbh,4,1,2,0,0,0,0,0,52.0,3.9512437185814275
3sax,5,1,3,0,0,0,0,0,270.0,5.598421958998375
3sk2,11,0,0,0,0,1,0,0,244000.0,12.404923504275338
3smq,0,4,0,0,0,0,0,0,9500.0,9.159047077588632
3t0w,35,0,0,0,0,0,0,0,50.0,3.912023005428146
3t2v,0,0,1,0,0,0,0,0,103.0,4.634728988229636
3t1l,0,2,4,0,0,0,0,0,550000.0,13.217673557208654
3t2t,0,2,3,0,0,0,0,0,4000000.0,15.201804919084164
3t1m,1,2,5,0,0,0,0,0,910000.0,13.721199878493033
3tc5,26,1,0,0,0,0,0,0,6800.0,8.824677891164198
3tdj,2,0,0,0,0,0,0,0,5600.0,8.630521876723241
3tgs,12,1,0,0,0,0,0,0,4100.0,8.318742252692399
3twv,0,0,3,0,0,0,0,0,17200.0,9.752664662801545
3tv5,18,0,2,0,0,0,0,0,4800.0,8.476371196895983
3tvw,6,2,1,0,0,0,0,0,37000.0,10.51867319162636
3tws,0,0,4,0,0,0,0,0,3000.0,8.006367567650246
3u3u,11,0,4,0,0,0,0,0,133.3,4.892602227184663
3u5j,8,0,0,0,0,0,0,0,2460.0,7.807916628926408
3u5l,19,0,0,0,0,0,0,0,640.0,6.461468176353717
3u15,26,1,4,0,0,1,0,0,78.0,4.356708826689592
3u90,1,0,2,0,0,0,0,0,24000.0,10.085809109330082
3u9n,5,1,0,0,1,0,0,0,100.0,4.605170185988092
3udh,0,2,0,0,1,0,0,0,1400000.0,14.151982794585487
3uib,1,0,1,0,0,0,0,0,160.0,5.075173815233827
3uew,2,0,1,1,0,0,0,0,490.0,6.194405391104672
3ug2,4,0,1,0,0,0,0,0,5.6,1.7227665977411035
3uil,0,0,2,0,0,0,0,0,1000.0,6.907755278982137
3usx,9,0,0,0,0,0,0,0,9530.0,9.162199996648248
3ut5,14,0,1,0,0,0,0,0,1800.0,7.495541943884256
3uvq,1,0,0,0,0,0,0,0,17.0,2.833213344056216
3uza,13,1,1,0,0,0,0,0,1.16,0.14842000511827322
3uzc,12,0,0,0,0,1,0,0,0.25,1.0
3v2p,0,0,2,0,0,0,0,0,440.0,6.0867747269123065
3v2n,0,0,2,0,0,0,0,0,800.0,6.684611727667927
3v3q,4,0,5,0,0,0,0,0,250.0,5.521460917862246
3v2q,0,0,1,0,0,0,0,0,510.0,6.234410725718371
3v78,40,0,0,0,0,1,0,0,2900.0,7.9724660159745655
3vha,10,1,0,0,0,0,0,0,40.0,3.6888794541139363
3vhd,5,1,0,0,0,0,0,0,0.52,1.0
3vhc,8,1,2,0,0,0,0,0,1.3,0.26236426446749106
3vw2,2,0,0,0,0,0,0,0,17900.0,9.792555991828847
3vws,2,0,2,0,0,0,0,0,225000.0,12.323855681186558
3vvy,1,0,0,0,0,0,0,0,14600.0,9.588776807696428
3w9k,6,0,1,1,0,0,0,0,480.0,6.173786103901937
3w9r,0,0,2,1,0,0,0,0,660.0,6.492239835020471
3wb4,7,0,0,0,0,0,0,0,36600.0,10.507803519389457
3wdd,0,0,2,0,0,0,0,0,780.0,6.659293919683638
3wdc,0,0,2,0,0,0,0,0,12.0,2.4849066497880004
3wde,0,0,2,0,0,0,0,0,124.0,4.820281565605037
3wtk,5,0,0,0,0,0,0,0,294.0,5.683579767338681
3wti,0,0,1,0,0,0,0,0,1270.0,7.146772179452637
3wqm,21,2,1,0,0,0,0,0,560.0,6.327936783729195
3wtl,0,0,0,0,0,1,0,0,92.0,4.5217885770490405
3wth,0,0,1,0,0,0,0,0,514.0,6.2422232654551655
3wtj,4,0,1,0,0,1,0,0,297.0,5.6937321388027
3wto,1,0,0,0,0,1,0,0,119.0,4.77912349311153
3wtm,2,0,0,0,0,0,0,0,100.0,4.605170185988092
3wvm,3,0,0,0,0,0,0,0,1950.0,7.575584651557793
3wtn,2,0,0,0,0,1,0,0,91.0,4.51085950651685
3x00,0,2,0,0,0,0,0,0,0.83,1.0
3wzp,0,1,1,0,0,0,0,0,150.0,5.0106352940962555
3zdv,0,1,0,0,0,0,0,0,3300.0,8.101677747454572
3zcw,7,1,1,0,0,0,0,1,650.0,6.476972362889683
3zhx,0,2,5,1,0,0,0,0,210.0,5.3471075307174685
3zh8,0,1,0,0,0,0,0,0,341.0,5.831882477283517
3zi0,0,1,5,1,0,0,0,0,40.0,3.6888794541139363
3zln,14,0,3,0,0,0,0,0,3.4,1.2237754316221157
3zm9,4,0,0,0,0,0,0,0,38.0,3.6375861597263857
3zrc,15,0,1,0,0,0,0,0,5400.0,8.594154232552366
3zqe,2,0,0,0,0,0,0,0,59000.0,10.985292722887856
3zsz,1,1,7,0,0,0,0,0,2000000.0,14.508657738524219
3zsx,2,1,7,0,0,0,0,0,519000.0,13.159659162148026
3zsy,2,1,7,0,0,0,0,0,595000.0,13.296316684527767
3zt2,2,0,4,0,0,0,0,0,1435000.0,14.176675407175859
3zt1,2,1,7,0,0,0,0,0,2000000.0,14.508657738524219
3zt3,0,1,7,0,0,0,0,0,1375000.0,14.133964289082808
3zt4,3,0,2,0,0,0,0,0,1570000.0,14.266586177324491
3ztd,7,0,1,0,0,0,0,0,96200.0,11.474184636653797
3ztc,28,0,1,0,0,0,0,0,27700.0,10.22918769217543
3zxe,0,2,3,0,0,0,0,0,450000.0,13.017002861746503
3zyu,10,0,0,0,0,0,0,0,100.0,4.605170185988092
4a4w,4,0,0,0,0,0,0,0,19.0,2.9444389791664403
4a6s,0,1,2,0,0,0,0,0,6300.0,8.748304912379623
4a4v,0,1,0,0,0,0,0,0,287.0,5.659482215759621
4aba,0,4,0,0,1,0,0,0,153000.0,11.938193200374572
4abf,0,4,0,0,1,0,0,0,24000.0,10.085809109330082
4aft,12,0,1,0,0,0,0,0,342.0,5.834810737062605
4agl,1,0,0,0,0,0,0,0,225000.0,12.323855681186558
4agn,5,2,0,0,0,0,0,0,107000.0,11.580584113444043
4ah9,4,0,0,0,0,0,0,0,3500000.0,15.068273526459642
4ahr,9,0,2,0,0,0,0,0,6500000.0,15.687312734865866
4aj4,1,2,0,0,0,0,0,0,130000.0,11.77528972943772
4ajk,1,0,0,0,0,0,0,0,770000.0,13.554145793829866
4ajl,1,0,0,0,0,0,0,0,160000.0,11.982929094215963
4ajn,0,0,4,1,0,0,0,0,69.0,4.23410650459726
4ajo,3,2,5,1,0,0,0,0,93.0,4.532599493153256
4arb,4,0,0,0,0,0,0,0,1300.0,7.170119543449628
4att,13,4,1,0,0,0,0,0,104.6,4.650143551630823
4auj,2,2,4,0,0,0,0,0,18.3,2.9069010598473755
4asj,3,0,1,0,0,0,0,0,28.0,3.332204510175204
4arw,1,0,1,0,0,0,0,0,74.0,4.30406509320417
4avt,0,0,1,0,0,0,0,0,8.8,2.174751721484161
4az5,0,0,1,0,0,0,0,0,1020.0,6.927557906278317
4azb,8,0,0,0,0,0,0,0,57.69,4.055083848268798
4b0b,1,0,0,0,0,0,0,0,470000.0,13.060487973686241
4awj,0,4,1,0,0,0,0,0,10000000.0,16.11809565095832
4b0j,0,0,1,0,0,0,0,0,7100000.0,15.775605342011543
4b2l,0,1,0,0,0,0,0,0,570000.0,13.253391639810733
4b7p,6,5,1,0,1,0,0,0,0.35,1.0
4bb2,37,0,1,0,0,0,0,0,85.0,4.442651256490317
4bg6,0,0,3,0,0,0,0,0,69.0,4.23410650459726
4bkt,0,0,2,0,0,0,0,0,240000.0,12.388394202324129
4bks,13,0,1,0,0,0,0,0,150000.0,11.918390573078392
4bqg,4,2,0,0,0,0,0,0,600.0,6.396929655216146
4bqh,5,2,2,0,0,0,0,0,2580.0,7.855544677915663
4br3,7,1,1,0,0,0,0,0,1900.0,7.549609165154532
4btm,0,1,1,0,0,0,0,0,4100.0,8.318742252692399
4btk,1,0,1,0,0,0,0,0,240.0,5.480638923341991
4buq,0,1,4,0,0,0,0,0,7.3,1.9878743481543455
4c6v,7,0,0,0,0,0,0,0,25600.0,10.150347630467653
4c6u,7,0,0,0,0,0,0,0,25600.0,10.150347630467653
4c73,2,0,0,0,0,0,0,0,12100.0,9.400960731584833
4c9w,5,0,0,0,0,1,0,0,781.0,6.660575149839686
4c9x,18,3,1,0,0,3,0,0,48.0,3.871201010907891
4cc5,0,3,0,0,0,0,0,0,38000.0,10.545341438708522
4c94,4,0,1,0,0,0,0,0,8900.0,9.093806555720231
4ce1,1,2,0,0,0,0,0,0,41800.0,10.640651618512848
4cfl,17,0,0,0,0,0,0,0,1330.0,7.1929342212158
4cg8,7,0,0,0,0,0,0,0,110.0,4.700480365792417
4ce3,3,2,1,0,0,0,0,0,110000.0,11.608235644774552
4ce2,2,2,1,0,0,0,0,0,144000.0,11.877568578558138
4cfe,4,1,1,0,1,0,0,0,60.0,4.0943445622221
4cga,22,0,0,0,0,1,0,0,400.0,5.991464547107982
4cg9,20,0,0,0,0,1,0,0,620.0,6.429719478039138
4cgi,0,2,7,0,0,0,0,0,752000.0,13.530491602931978
4ci2,15,1,4,0,0,0,0,0,177.8,5.180659323079804
4cgj,1,2,5,0,0,0,0,0,1460000.0,14.19394699368452
4cff,0,1,2,0,0,0,0,1,400.0,5.991464547107982
4ci1,12,1,5,0,0,0,0,0,249.2,5.518255786913298
4ci3,15,1,4,0,0,0,0,0,156.6,5.053694783556702
4cig,5,1,5,0,0,0,0,0,214000.0,12.273731294003989
4cjp,0,0,6,0,0,0,0,0,481000.0,13.083622549087899
4cj4,1,0,7,0,0,0,0,0,432000.0,12.976180867226248
4ciz,3,0,0,0,0,0,0,0,51.0,3.9318256327243257
4cjq,4,1,5,0,0,0,0,0,256000.0,12.4529327234617
4cjn,14,0,0,0,0,0,0,0,17540.0,9.772239265926174
4cjr,1,1,9,0,0,0,0,0,793000.0,13.583578500616985
4ck3,0,1,5,0,0,0,0,0,268000.0,12.498742259492994
4crj,2,5,3,0,0,0,1,0,1100.0,7.003065458786462
4crl,5,0,2,0,0,0,0,0,0.19,1.0
4cu1,0,3,0,0,0,0,0,0,19400.0,9.87302834505142
4ddh,0,0,1,0,0,1,0,0,500000.0,13.122363377404328
4des,3,0,0,0,0,0,0,0,1400.0,7.24422751560335
4der,2,0,0,0,0,0,0,0,490.0,6.194405391104672
4dew,4,0,0,0,0,0,0,1,100.0,4.605170185988092
4det,2,0,0,0,0,0,0,0,2100.0,7.649692623711514
4dko,9,0,1,0,0,0,0,0,300.0,5.703782474656201
4dkq,11,1,1,0,0,0,0,0,250.0,5.521460917862246
4dkp,10,0,1,0,0,0,0,0,1900.0,7.549609165154532
4dkr,8,1,1,0,0,0,0,0,300.0,5.703782474656201
4dma,2,0,2,0,0,0,0,0,650.0,6.476972362889683
4dve,0,0,1,0,0,0,0,0,0.3,1.0
4dzy,5,0,2,1,0,0,0,0,2400.0,7.783224016336037
4e9d,1,0,1,0,0,0,0,0,20.0,2.995732273553991
4e70,11,0,0,0,0,0,0,0,5260.0,8.567886305731756
4ear,6,0,4,0,0,0,0,1,0.15,1.0
4ef6,0,0,1,0,0,0,0,0,1200000.0,13.997832114758229
4efk,4,0,1,0,0,0,0,0,3200000.0,14.978661367769956
4egk,0,2,0,0,0,0,0,0,19.0,2.9444389791664403
4ejl,9,1,0,0,0,0,0,0,7200.0,8.881836305004146
4eo6,4,0,3,0,0,0,0,0,2.0,0.6931471805599453
4eo8,4,0,3,0,0,0,0,0,7.0,1.9459101490553132
4epy,8,2,0,0,0,0,0,0,340000.0,12.736700896592344
4erf,6,0,0,0,0,0,0,0,0.4,1.0
4f3i,11,0,2,0,0,0,0,0,36.1,3.586292865338835
4f6s,10,2,0,0,0,0,0,0,3240.0,8.083328608786376
4f70,9,2,0,0,0,0,0,0,1820.0,7.506591780070841
4f6u,12,2,0,0,0,0,0,0,700.0,6.551080335043404
4fab,18,0,0,0,0,0,0,0,8.8,2.174751721484161
4f9y,24,1,1,0,0,2,0,0,184.0,5.214935757608986
4fcq,4,1,1,0,0,0,0,0,101.0,4.61512051684126
4fcr,4,1,3,0,0,0,0,0,0.4,1.0
4ffs,6,4,0,0,0,0,0,0,0.04,1.0
4fn5,9,1,0,0,0,0,0,0,173.0,5.153291594497779
4fm7,10,1,0,0,0,0,0,0,57.0,4.04305126783455
4fm8,14,0,0,0,0,0,0,0,1060.0,6.966024187106113
4fnn,3,0,0,0,0,0,0,0,27.2,3.3032169733019514
4fqo,6,1,0,0,0,0,0,0,6900.0,8.83927669058535
4fr3,1,0,1,0,0,0,0,0,70.0,4.248495242049359
4fxq,25,0,2,0,0,1,0,0,1700.0,7.438383530044307
4g0k,1,0,0,0,0,0,0,0,4300.0,8.366370301681654
4fzj,0,0,1,0,0,0,0,1,700000.0,13.458835614025542
4g2r,4,0,1,0,0,0,0,0,35800.0,10.485703172388792
4g93,9,0,3,0,0,0,0,0,300000.0,12.611537753638338
4gah,24,0,0,0,0,0,0,0,800.0,6.684611727667927
4gby,0,2,2,0,0,0,0,0,350000.0,12.765688433465597
4gbz,0,1,3,0,0,0,0,0,770000.0,13.554145793829866
4gj9,27,0,0,0,0,0,0,0,500000.0,13.122363377404328
4gj8,25,0,0,0,0,0,0,0,500000.0,13.122363377404328
4glx,2,0,0,0,0,0,0,0,16.0,2.772588722239781
4gvc,3,0,2,0,0,0,0,0,19300.0,9.867860374892977
4gvd,4,0,2,0,0,0,0,1,26900.0,10.19988156558993
4gu6,0,0,3,0,0,0,0,0,44.0,3.784189633918261
4gu9,1,1,1,0,0,0,0,0,43000.0,10.668955394675699
4h81,4,0,2,1,0,0,0,0,7500.0,8.922658299524402
4h5e,17,5,3,1,0,1,0,0,860.0,6.756932389247553
4h5d,17,1,3,1,0,1,0,0,580.0,6.363028103540465
4his,5,0,0,0,0,0,0,0,8.1,2.0918640616783932
4hiq,2,0,1,1,0,0,0,0,6.2,1.824549292051046
4hbm,8,0,0,0,0,0,0,0,12.0,2.4849066497880004
4hu1,0,1,2,0,0,0,0,0,29.0,3.367295829986474
4hod,2,0,0,0,0,0,0,0,790.0,6.672032945461067
4ht2,0,1,7,0,0,0,0,0,290.0,5.66988092298052
4hmk,9,0,0,0,0,0,0,0,790.0,6.672032945461067
4hva,1,0,0,0,0,0,0,0,1300.0,7.170119543449628
4hwb,0,1,3,0,0,0,0,0,0.57,1.0
4i1r,9,1,0,0,1,0,0,0,22600.0,10.025705185260378
4i54,12,0,1,0,0,0,0,0,110.0,4.700480365792417
4i9o,3,0,0,0,0,0,0,0,1900.0,7.549609165154532
4i8x,2,0,2,0,0,0,0,0,2300000.0,14.648419680899378
4ibb,4,0,0,0,0,0,0,0,270700.0,12.508766475602393
4i9u,10,0,2,0,0,0,0,0,137000.0,11.827736204810263
4ibc,19,0,2,1,0,0,0,0,1049000.0,13.863347887378435
4ibd,18,0,2,0,0,0,0,0,214600.0,12.276531109178736
4ih5,2,0,0,0,0,0,0,0,78000.0,11.26446410567173
4ijl,7,0,1,0,0,0,0,0,135000.0,11.813030057420567
4iuu,0,1,0,0,0,0,0,0,2220.0,7.705262474866325
4iut,1,5,1,0,0,0,0,0,1900.0,7.549609165154532
4iur,0,2,0,0,0,0,0,0,2630.0,7.874739125171811
4iuv,0,2,1,0,0,0,0,0,1900.0,7.549609165154532
4iue,49,0,1,0,0,2,0,0,280.0,5.634789603169249
4j2t,0,0,1,0,0,0,0,0,11.0,2.3978952727983707
4j21,51,0,1,0,0,2,0,0,39.0,3.6635616461296463
4j3l,52,0,1,0,0,2,0,0,16.0,2.772588722239781
4j22,57,0,1,0,0,2,0,0,18.0,2.8903717578961645
4j74,18,0,0,0,0,1,0,0,26000.0,10.165851817003619
4j93,21,2,1,0,0,0,0,0,20000.0,9.903487552536127
4j8t,7,0,0,0,0,0,0,0,168.0,5.123963979403259
4jaz,13,0,0,0,0,1,0,0,9170.0,9.12369256525051
4jfk,3,2,0,0,0,0,0,0,360.0,5.886104031450156
4j9a,7,0,0,0,0,0,0,0,6.0,1.791759469228055
4je7,7,7,3,0,0,0,0,0,395.0,5.978885764901122
4jfl,4,2,1,0,0,0,0,0,10500.0,9.259130536145614
4jin,11,0,0,0,0,0,0,0,2280.0,7.731930721948486
4jgv,4,4,2,0,0,0,0,0,270.0,5.598421958998375
4jjm,0,0,1,0,0,0,0,0,27.0,3.295836866004329
4jv8,8,0,1,0,0,0,0,0,1420.0,7.258412150595307
4jv6,12,0,1,0,0,0,0,0,217.0,5.37989735354046
4jzb,8,0,0,0,0,0,0,0,342.5,5.83627165770228
4k4j,4,0,2,0,0,0,0,0,752.0,6.62273632394984
4k8a,2,0,1,0,0,0,0,0,95000.0,11.461632170582678
4k6i,2,0,1,0,0,0,0,0,629.0,6.444131256700441
4k5y,5,0,0,0,0,0,0,0,6.7,1.9021075263969205
4k9y,13,2,0,0,0,0,0,0,111.0,4.709530201312334
4kcx,7,0,0,0,0,0,0,0,37000.0,10.51867319162636
4kfq,0,2,1,0,0,0,0,0,5.86,1.7681496035889213
4klv,2,0,0,0,0,0,0,0,165300.0,12.015517283809116
4km0,15,2,0,0,0,1,0,0,910.0,6.813444599510896
4knn,4,0,0,0,0,0,0,0,16.7,2.8154087194227095
4kni,5,1,2,0,0,0,0,0,16.7,2.8154087194227095
4knj,6,1,2,0,0,0,0,0,11.1,2.4069451083182885
4kne,9,2,0,0,1,0,0,0,1260.0,7.138866999945524
4knm,5,1,2,0,0,0,0,0,10.0,2.302585092994046
4kox,5,1,1,0,0,0,0,0,16900.0,9.735068900911164
4kp8,6,1,2,0,0,0,0,0,3330.0,8.110727582974489
4kp5,8,1,2,0,0,0,0,0,833.0,6.725033642166843
4kzq,49,0,1,0,0,2,0,0,788.0,6.669498089857879
4l3o,0,0,1,0,0,0,0,0,1000.0,6.907755278982137
4l9i,0,1,1,0,1,0,0,0,13000.0,9.472704636443673
4loo,0,2,3,0,0,0,0,0,7.0,1.9459101490553132
4lph,11,0,0,0,0,0,0,0,9200.0,9.126958763037132
4lop,0,2,3,0,1,0,0,0,7.0,1.9459101490553132
4loq,0,2,3,0,0,0,0,0,7.0,1.9459101490553132
4lpg,9,0,0,0,0,0,0,0,55600.0,10.925938480238674
4luz,6,0,0,0,0,0,0,0,20000.0,9.903487552536127
4lw1,1,0,0,0,0,0,0,0,710000.0,13.473020249017498
4ly1,1,0,0,0,0,0,0,0,55.2,4.01096295328305
4lxz,0,2,2,0,0,0,0,0,182.0,5.204006687076795
4lys,1,0,1,0,0,0,0,0,46000.0,10.736396675471232
4lyw,8,1,0,0,0,0,0,0,237.0,5.4680601411351315
4lzr,8,0,0,0,0,0,0,0,20000.0,9.903487552536127
4lzs,0,2,0,0,0,0,0,0,16000.0,9.680344001221918
4m0y,0,4,2,0,0,0,0,0,350.0,5.857933154483459
4m13,31,5,1,0,0,1,0,0,200.0,5.298317366548036
4m12,36,5,1,0,0,1,0,0,900.0,6.802394763324311
4m14,2,1,1,0,0,0,0,0,200.0,5.298317366548036
4m0z,36,4,2,0,0,1,0,0,6400.0,8.764053269347762
4m5i,6,5,4,0,0,0,0,0,6700.0,8.809862805379057
4m5j,5,6,3,0,0,0,0,0,14500.0,9.581903928408666
4m5g,3,4,5,0,0,0,0,0,9700.0,9.179881164491475
4m5h,3,4,5,0,0,0,0,0,29000.0,10.275051108968611
4m5l,1,5,4,0,0,0,0,0,18900.0,9.846917201047734
4m8e,2,0,2,0,0,0,0,0,13.0,2.5649493574615367
4m8h,2,0,2,0,0,0,0,0,25.0,3.2188758248682006
4mg5,3,0,1,0,0,0,0,0,4530.0,8.41847721847708
4mg8,3,2,1,0,0,0,0,0,330.0,5.799092654460526
4mga,0,2,0,0,0,0,0,0,1370.0,7.222566018822171
4mg9,1,2,0,0,0,0,0,0,2110.0,7.6544432264701125
4mg6,8,0,0,0,0,0,0,0,2420.0,7.791522819150732
4mg7,3,1,1,0,0,0,0,0,440.0,6.0867747269123065
4mgd,4,3,1,0,0,0,0,0,20190.0,9.912942711306883
4mgc,0,1,2,0,0,0,0,0,480.0,6.173786103901937
4mm5,27,0,0,0,0,0,0,0,18.0,2.8903717578961645
4mmm,4,0,1,0,0,0,0,0,150000.0,11.918390573078392
4mm4,14,0,2,0,0,0,0,0,431.0,6.066108090103747
4mmf,3,3,3,0,0,0,0,0,295.0,5.68697535633982
4mme,18,0,0,0,0,0,0,0,318.0,5.762051382780177
4mp2,0,2,0,0,0,0,0,0,3570.0,8.180320874773685
4mp7,11,0,1,0,0,0,0,0,1827.0,7.510430556378006
4mpc,8,0,0,0,0,0,0,0,711.0,6.566672429803241
4mpn,5,1,0,0,0,0,0,0,239.0,5.476463551931511
4mpe,7,1,0,0,0,0,0,0,426.0,6.054439346269371
4mr5,3,1,2,0,0,1,0,0,251.0,5.5254529391317835
4mr3,6,0,0,0,0,0,0,0,1142.0,7.040536390215956
4mr6,2,1,2,0,0,1,0,0,251.0,5.5254529391317835
4msl,22,2,1,0,0,1,0,0,700.0,6.551080335043404
4mr4,1,0,0,0,0,0,0,0,1142.0,7.040536390215956
4n07,2,0,0,0,0,0,0,0,350.0,5.857933154483459
4n5d,5,1,0,0,0,2,0,0,607000.0,13.316284070041636
4n7m,21,0,0,0,0,0,0,0,3400.0,8.131530710604252
4n9b,9,0,1,0,0,1,0,0,5200.0,8.556413904569519
4nb3,3,4,0,0,0,0,0,0,22.0,3.091042453358316
4nbk,17,1,4,0,0,0,0,0,136000.0,11.820410164718188
4nbn,9,0,0,0,0,0,0,0,44000.0,10.691944912900398
4ncm,2,0,1,0,0,1,0,0,100.0,4.605170185988092
4n6h,1,0,0,0,0,0,0,0,0.52,1.0
4nmt,0,1,0,0,0,0,0,0,14100.0,9.55393007636626
4nl1,2,0,0,0,0,0,0,0,130000.0,11.77528972943772
4nms,0,1,0,0,0,0,0,0,11400.0,9.341368634382587
4nmv,0,1,0,0,0,0,0,0,11100.0,9.314700387300425
4np2,0,4,0,0,1,0,0,0,5500000.0,15.520258650202699
4np3,0,5,0,0,1,0,0,0,500000.0,13.122363377404328
4nra,8,0,0,0,0,0,0,0,65000.0,11.082142548877775
4nyf,0,0,5,0,0,0,0,0,49.0,3.8918202981106265
4nyj,15,1,0,0,0,1,0,0,322000.0,12.682306824526545
4nyi,38,2,0,0,0,1,0,0,868000.0,13.673946993642486
4nym,31,2,0,0,0,0,0,0,279000.0,12.538967060803502
4o3f,1,0,0,0,0,0,0,0,2780.0,7.930206206684683
4o6w,0,2,0,0,0,0,0,0,3.0,1.0986122886681098
4o2a,10,1,0,0,0,0,0,0,1800.0,7.495541943884256
4og3,10,0,0,0,0,0,0,0,285.0,5.652489180268651
4og4,12,0,1,0,0,0,0,0,952.0,6.858565034791365
4oex,8,0,0,0,0,0,0,0,1450.0,7.27931883541462
4oks,7,1,0,0,0,1,0,0,33000.0,10.404262840448617
4oo9,2,0,0,0,0,0,0,0,0.86,1.0
4ovh,6,0,0,0,0,0,0,0,14000.0,9.546812608597396
4p1u,20,0,1,0,0,1,0,0,3.0,1.0986122886681098
4pd8,5,2,3,0,0,1,0,0,940.0,6.84587987526405
4pgc,2,3,0,0,0,0,0,0,1311.0,7.1785454837637
4phu,3,0,0,0,0,0,0,0,12.04,2.488234439880675
4pg3,21,2,1,0,0,1,0,0,14.0,2.6390573296152584
4or0,9,0,6,1,0,0,0,0,35.0,3.5553480614894135
4pnu,0,0,5,1,0,0,0,0,13000.0,9.472704636443673
4pnw,7,0,0,0,0,0,0,0,9000.0,9.104979856318357
4poh,1,0,1,0,0,0,0,0,10.0,2.302585092994046
4poj,2,0,2,0,0,0,0,0,8.0,2.0794415416798357
4pmm,6,1,0,0,0,0,0,0,27.0,3.295836866004329
4pp3,1,0,2,0,0,0,0,0,15.0,2.70805020110221
4pp5,1,0,2,0,0,0,0,0,18.0,2.8903717578961645
4pov,6,0,2,0,0,0,0,0,5.21,1.6505798557652755
4pvv,13,0,0,0,0,2,0,0,330.0,5.799092654460526
4pop,2,0,1,0,0,0,0,0,7.44,2.0068708488450007
4pyx,0,2,3,0,0,0,0,0,730.0,6.593044534142437
4pxf,7,1,1,0,0,0,0,0,800000.0,13.592367006650065
4po0,5,0,0,0,0,0,0,0,120.0,4.787491742782046
4pzh,1,2,7,0,0,0,0,0,10.0,2.302585092994046
4q06,1,1,8,0,0,0,0,0,22.0,3.091042453358316
4q0l,1,2,3,0,0,0,0,0,20.0,2.995732273553991
4q0k,0,0,1,0,0,0,0,0,13400.0,9.503009985939002
4q0a,6,0,0,0,0,0,0,0,330.0,5.799092654460526
4q6e,5,1,2,0,0,0,0,0,667.0,6.502790045915623
4q6d,6,1,2,0,0,0,0,0,43.5,3.7727609380946383
4qab,11,1,0,0,0,1,0,0,0.2,1.0
4qb3,11,0,0,0,0,0,0,0,3400.0,8.131530710604252
4q9m,0,0,4,0,0,0,0,0,66.0,4.189654742026425
4qac,5,0,0,0,0,0,0,0,0.4,1.0
4qaa,9,1,0,0,0,0,0,0,360.0,5.886104031450156
4qev,12,0,0,0,0,0,0,0,22.0,3.091042453358316
4qfg,1,1,0,0,0,0,0,0,3300.0,8.101677747454572
4qfs,4,0,2,0,0,0,0,0,900.0,6.802394763324311
4qfr,5,2,3,0,0,0,0,0,7.4,2.0014800002101243
4qer,4,3,1,0,0,0,0,0,29.0,3.367295829986474
4qip,0,0,1,0,0,0,0,0,7000.0,8.85366542803745
4qew,15,0,0,0,0,0,0,0,86.0,4.454347296253507
4qf7,9,0,1,0,0,0,0,0,2.5,0.9162907318741551
4qjm,1,1,7,0,0,0,0,0,6.7,1.9021075263969205
4qjp,4,1,1,0,0,0,0,0,2.5,0.9162907318741551
4qjo,0,1,8,0,0,0,0,0,40.0,3.6888794541139363
4qjx,2,1,2,0,0,0,0,0,52.0,3.9512437185814275
4qgd,3,0,1,0,0,0,0,0,37.0,3.6109179126442243
4qjw,0,1,5,0,0,0,0,0,16.0,2.772588722239781
4qp1,0,0,1,0,0,0,0,0,247000.0,12.417143615610113
4qnb,22,2,2,0,0,0,0,2,260.0,5.560681631015528
4qn9,0,0,2,0,0,0,0,0,38500.0,10.558413520275876
4qtl,0,1,3,0,0,0,0,0,120.0,4.787491742782046
4qtn,8,3,4,0,0,0,0,0,142.0,4.955827057601261
4qxq,3,0,0,0,0,0,0,0,1990.0,7.595889917718538
4qxo,4,0,0,0,0,0,0,0,3120.0,8.045588280803528
4qxr,1,0,0,0,0,0,0,0,990.0,6.897704943128636
4r1e,3,0,4,0,0,0,0,1,52.0,3.9512437185814275
4r5g,13,0,0,0,0,0,0,0,6000.0,8.699514748210191
4r91,13,0,0,0,0,0,0,0,430.0,6.063785208687608
4rdn,0,3,5,0,0,0,0,0,1200.0,7.090076835776092
4r7m,1,2,2,0,0,0,0,0,11.0,2.3978952727983707
4rlu,12,0,0,0,0,0,0,0,15200.0,9.629050706834368
4res,0,1,0,0,0,0,0,0,14.0,2.6390573296152584
4rlt,9,4,4,0,0,0,0,0,10900.0,9.296518068217235
4rlw,10,0,0,0,0,0,0,0,13400.0,9.503009985939002
4rpo,9,1,1,0,0,0,0,0,22.8,3.126760535960395
4rpn,6,0,2,0,0,0,0,0,110.0,4.700480365792417
4rvr,6,0,1,0,0,0,0,0,136.0,4.912654885736052
4rwl,5,0,1,0,0,0,0,0,8.0,2.0794415416798357
4ryl,13,0,1,0,0,0,0,0,53.0,3.970291913552122
4rwj,2,0,0,0,0,0,0,0,2.0,0.6931471805599453
4tkh,7,0,0,0,0,0,0,0,1840.0,7.517520850603031
4tkb,4,0,0,0,0,0,0,0,2560.0,7.847762537473608
4tkj,2,0,0,0,0,0,0,0,913.0,6.816735880594968
4tte,4,0,1,0,0,0,0,0,202000.0,12.216022976383341
4tsx,0,0,1,0,0,0,0,0,10300.0,9.239899174217728
4tv3,1,0,1,0,0,0,0,0,1.9,0.6418538861723947
4tsz,3,2,0,0,0,0,0,0,99.0,4.59511985013459
4tu4,4,0,2,0,0,0,0,0,175000.0,12.072541252905651
4tq3,14,0,2,0,0,0,0,0,3200.0,8.070906088787819
4txc,0,1,0,0,0,0,0,0,240.0,5.480638923341991
4tyb,4,0,1,0,0,0,0,0,19990000.0,16.81074270647658
4tz8,0,2,0,0,0,0,0,0,500000.0,13.122363377404328
4u0f,27,3,3,0,0,0,0,0,1200.0,7.090076835776092
4u0e,20,2,2,0,0,0,0,2,120.0,4.787491742782046
4u43,2,0,1,0,0,0,0,0,48000.0,10.778956289890028
4u58,0,1,0,0,0,0,0,0,10000000.0,16.11809565095832
4u54,21,0,0,0,0,2,0,0,8700000.0,15.978833583624812
4tun,0,1,1,0,0,0,0,0,3870.0,8.261009786023827
4u5l,1,2,1,0,0,0,0,0,4000000.0,15.201804919084164
4u5o,0,1,0,0,0,0,0,0,3800000.0,15.150511624696614
4u5u,21,1,0,0,0,2,0,0,1300000.0,14.077874822431765
4u5v,0,1,0,0,0,0,0,0,900000.0,13.710150042306449
4u90,4,0,1,0,0,0,0,0,288.0,5.662960480135946
4u91,2,0,2,0,0,0,0,0,149.0,5.003946305945459
4ucc,1,0,0,0,0,0,0,0,48000.0,10.778956289890028
4unp,8,0,2,0,0,1,0,0,590000.0,13.287877815881902
4up5,6,1,0,0,0,0,0,0,2500000.0,14.73180128983843
4urz,2,0,1,0,0,0,0,0,3000000.0,14.914122846632385
4ury,3,0,0,0,0,0,0,0,6000000.0,15.60727002719233
4urx,7,0,0,0,0,1,0,0,1300000.0,14.077874822431765
4uru,10,1,2,0,0,1,0,0,6000000.0,15.60727002719233
4uua,0,0,2,0,0,0,0,0,5780.0,8.662158961666423
4us4,3,1,2,0,0,0,0,0,4800.0,8.476371196895983
4urv,26,2,0,0,1,0,0,0,1700000.0,14.346138809026444
4us3,7,0,0,0,0,0,0,0,4800.0,8.476371196895983
4uwl,0,0,1,0,0,0,0,0,2.7,0.9932517730102834
4v1c,0,0,1,0,0,0,0,0,25100.0,10.130623125119875
4uye,11,0,0,0,0,0,0,0,9.54,2.255493485460195
4v05,2,0,0,0,0,0,0,0,0.2,1.0
4uyf,21,0,1,1,0,0,0,0,25.0,3.2188758248682006
4uyg,26,0,0,0,0,0,0,0,25.0,3.2188758248682006
4w9j,0,4,0,0,0,0,0,0,588.0,6.376726947898627
4w9d,0,4,1,0,0,0,0,0,10200.0,9.230142999272362
4w9f,16,0,2,0,0,0,0,0,3270.0,8.0925452638913
4w9c,0,4,1,0,0,0,0,0,22200.0,10.00784756786037
4w9e,0,4,1,0,0,0,0,0,7090.0,8.866440619526173
4w9h,0,4,1,0,0,0,0,0,185.0,5.220355825078324
4w9k,0,4,1,0,0,0,0,0,291.0,5.673323267171493
4w9i,0,4,1,0,0,0,0,0,1100.0,7.003065458786462
4w9l,0,4,1,0,0,0,0,0,9520.0,9.161150127785412
4w9g,0,4,1,0,0,0,0,0,5530.0,8.61794309451638
4wet,17,0,0,0,0,1,0,0,444000.0,13.003579841414362
4wf4,0,0,1,0,0,1,0,0,777000.0,13.563195629349785
4wmv,12,0,1,1,0,0,0,0,93000.0,11.440354772135393
4wiv,3,0,0,0,0,0,0,0,550.0,6.309918278226516
4wmx,21,0,2,0,0,0,0,0,14100.0,9.55393007636626
4wr7,2,1,8,0,0,0,0,0,0.0,1.0
4wmu,47,0,1,1,0,0,0,0,180.0,5.19295685089021
4ww6,0,3,6,0,0,0,0,0,0.06,1.0
4ww8,0,2,1,0,0,0,0,0,0.07,1.0
4x0f,13,0,0,0,0,0,0,0,101.0,4.61512051684126
4x1f,10,0,1,0,0,0,0,0,10.8,2.379546134130174
4x5z,9,0,1,0,0,0,0,0,23.6,3.1612467120315646
4x3t,27,0,0,0,0,1,0,0,28900.0,10.271596874100524
4x8t,3,2,2,0,0,0,0,0,8900000.0,16.00156183470237
4xrq,26,2,2,0,0,0,0,2,232.0,5.44673737166631
4xy9,0,2,0,0,0,0,0,0,4651.0,8.444837529224097
4xy8,5,2,0,0,0,0,0,0,397.0,5.983936280687191
4y2q,1,0,0,0,0,0,0,0,1200000.0,13.997832114758229
4y59,2,0,2,0,0,0,0,0,5800.0,8.66561319653451
4y5d,0,0,4,0,0,0,0,0,1200.0,7.090076835776092
4y8d,1,0,2,0,0,0,0,0,8.9,2.186051276738094
4ycl,3,0,0,0,0,0,0,0,7.0,1.9459101490553132
4ydn,2,5,0,0,0,0,0,0,2.3,0.8329091229351039
4ydq,1,0,3,0,0,0,0,1,300.0,5.703782474656201
4ycu,18,3,1,0,0,1,0,0,3300.0,8.101677747454572
4ycv,17,1,1,0,0,1,0,0,1500.0,7.313220387090301
4ycw,17,3,1,0,0,1,0,0,2100.0,7.649692623711514
4yv5,0,0,5,0,0,0,0,0,600.0,6.396929655216146
4yy6,0,1,0,0,0,0,0,0,60000.0,11.002099841204238
4yyn,0,1,0,0,0,0,0,0,110000.0,11.608235644774552
4yym,0,0,2,0,0,0,0,0,240000.0,12.388394202324129
4z6h,23,0,1,0,0,2,0,0,612.0,6.416732282512326
4z6i,20,0,2,0,0,2,0,0,493.0,6.20050917404269
4zji,8,0,1,0,0,0,0,0,340.0,5.8289456176102075
4zow,8,3,1,0,0,0,0,0,75000.0,11.225243392518447
4zph,0,1,0,0,0,0,0,0,31.0,3.4339872044851463
4zvi,3,0,0,0,0,0,0,0,470.0,6.152732694704104
4zyr,16,1,6,0,0,0,0,0,2000.0,7.600902459542082
4zzz,27,0,1,0,0,0,0,0,87.0,4.465908118654584
5a00,33,1,2,0,0,1,0,0,30.0,3.4011973816621555
4zzx,28,0,1,0,0,0,0,0,125.0,4.8283137373023015
4zzy,32,0,2,0,0,1,0,0,2500.0,7.824046010856292
5a46,1,2,1,0,0,0,0,0,22.0,3.091042453358316
4zud,8,0,1,0,0,1,0,0,6.9,1.9315214116032138
5a7b,10,0,0,0,0,0,0,0,271000.0,12.509874099861838
5a5q,0,4,2,0,2,0,0,0,21000.0,9.95227771670556
5a81,1,3,2,0,2,0,0,0,2900.0,7.9724660159745655
5aba,2,2,0,0,0,0,0,0,1040000.0,13.854731271117556
5ab9,8,1,0,0,0,0,0,0,470.0,6.152732694704104
5afv,2,0,0,0,0,0,0,0,2600.0,7.8632667240095735
5ael,17,4,4,1,0,0,0,0,39.2,3.6686767467964168
5ai1,1,1,1,0,0,0,0,0,340.0,5.8289456176102075
5ahw,0,2,0,0,0,0,0,0,6820.0,8.827614750837508
5ahu,17,0,4,1,0,0,0,0,167.0,5.117993812416755
5aix,20,0,0,0,0,2,0,0,12.0,2.4849066497880004
5ais,12,0,0,0,0,2,0,0,570.0,6.345636360828596
5am6,1,2,1,0,0,0,0,0,185.0,5.220355825078324
5am7,3,2,1,0,0,0,0,0,64.5,4.1666652238017265
5aoi,5,1,0,0,0,0,0,0,940000.0,13.753635154246187
5aok,4,0,0,0,0,0,0,0,2000000.0,14.508657738524219
5aom,4,0,1,0,0,0,0,0,1270000.0,14.054527458434775
5aoj,7,0,0,0,0,0,0,0,21000.0,9.95227771670556
5bnj,5,0,1,0,0,0,0,0,2.0,0.6931471805599453
5btr,0,2,1,0,0,0,0,0,7300.0,8.895629627136483
5cbr,8,3,1,0,1,0,0,0,1800.0,7.495541943884256
5cc2,13,0,0,0,0,0,0,0,80000.0,11.289781913656018
5cgj,12,0,0,0,0,0,0,0,6000.0,8.699514748210191
5cfb,4,1,0,0,0,0,0,0,52.0,3.9512437185814275
5ct1,20,2,1,0,0,0,1,0,30200000.0,17.2233524823451
5ct2,22,1,2,0,0,0,1,0,1200000.0,13.997832114758229
5d1w,9,0,1,0,0,0,0,0,7500.0,8.922658299524402
5dtj,21,0,1,0,0,0,0,0,34000.0,10.4341158035983
5ea3,17,4,0,0,1,2,0,0,1.7,0.5306282510621704
5e8r,5,4,0,0,1,0,0,0,2.0,0.6931471805599453
5fjx,4,0,5,0,0,0,0,0,11000.0,9.305650551780507
5fwg,14,0,4,0,0,0,0,0,190.0,5.247024072160486
7gpb,0,1,1,0,0,0,0,0,3000.0,8.006367567650246
