# receptor_pharmacophore-ligand_pharmacophore counts
PDB,Hydrophobe-Hydrophobe,Acceptor-Donor,Donor-Acceptor,PosIonizable-NegIonizable,NegIonizable-PosIonizable,Aromatic-Aromatic,Aromatic-PosIonizable,PosIonizable-Aromatic,Ki,log(Ki)
11gs,18,0,0,0,0,1,0,0,1500.0,7.313220387090301
1a0q,2,0,1,0,0,0,0,0,27.0,3.295836866004329
13gs,10,0,2,0,0,1,0,0,24000.0,10.085809109330082
1a28,4,0,1,0,0,0,0,0,5.1,1.62924053973028
1a52,1,0,2,0,0,0,0,0,0.14,1.0
1a8t,6,2,4,0,0,0,0,0,1600.0,7.3777589082278725
1ai5,10,0,0,0,0,0,0,0,189000.0,12.14950229404178
1ajn,14,0,0,0,0,0,0,0,2320000.0,14.657077743642493
1al8,13,0,1,0,0,0,0,0,4800.0,8.476371196895983
1al7,4,0,3,1,0,0,0,0,16.0,2.772588722239781
1alw,2,0,1,0,0,0,0,0,300.0,5.703782474656201
1axr,0,1,1,0,0,0,0,0,540000.0,13.199324418540456
1b6j,1,0,1,0,0,0,0,0,12.0,2.4849066497880004
1atl,4,1,6,0,0,1,0,0,520.0,6.253828811575473
1bju,1,9,0,0,1,0,0,0,16000.0,9.680344001221918
1bgo,8,1,8,0,0,0,0,0,3.5,1.252762968495368
1bjv,0,9,0,0,1,0,0,0,2900.0,7.9724660159745655
1bzh,0,1,0,0,0,0,0,0,170.0,5.135798437050262
1bsk,2,0,2,0,0,0,0,0,76000.0,11.238488619268468
1b8y,18,0,6,0,0,2,0,0,14.0,2.6390573296152584
1cet,2,1,0,0,0,0,0,0,1300000.0,14.077874822431765
1cwb,0,0,1,0,0,0,0,0,13.0,2.5649493574615367
1cps,1,0,1,0,0,0,0,0,220.0,5.393627546352362
1cyn,0,0,1,0,0,0,0,0,21.0,3.044522437723423
1cr6,6,0,0,0,0,0,0,0,3.1,1.1314021114911006
1d4k,5,0,0,0,0,0,0,0,0.6,1.0
1d9i,7,4,1,0,1,0,0,0,0.78,1.0
1dy4,26,0,0,0,0,3,0,0,44000.0,10.691944912900398
1e34,2,1,6,0,0,0,0,0,1320000.0,14.093142294562554
1e66,11,0,0,0,0,0,0,0,0.13,1.0
1eas,0,5,7,0,0,0,0,0,18.0,2.8903717578961645
1eat,0,5,7,0,0,0,0,0,15.0,2.70805020110221
1efy,27,1,1,0,0,2,0,0,6.0,1.791759469228055
1ek1,1,1,1,0,0,0,0,0,17.0,2.833213344056216
1ela,10,3,3,0,0,0,0,0,440.0,6.0867747269123065
1ek2,5,0,2,0,0,0,0,0,6.3,1.840549633397487
1elb,11,3,1,0,0,0,0,0,70.0,4.248495242049359
1eoj,0,0,2,0,0,0,0,0,0.0,1.0
1eb2,17,10,2,0,1,1,0,0,980.0,6.887552571664617
1eld,12,3,3,0,0,0,0,0,200.0,5.298317366548036
1ejn,2,6,4,0,1,0,0,0,2400.0,7.783224016336037
1ele,6,4,2,0,0,0,0,0,140.0,4.941642422609304
1eol,0,0,2,0,0,0,0,1,0.0,1.0
1ero,1,0,0,0,0,0,0,0,5.9,1.7749523509116738
1f3e,1,0,1,0,0,0,0,0,200.0,5.298317366548036
1f0r,9,2,1,0,0,0,0,0,22.0,3.091042453358316
1f0u,25,10,2,0,1,0,0,0,69.0,4.23410650459726
1f0s,11,2,2,0,0,0,0,0,18.0,2.8903717578961645
1f4e,14,0,1,0,0,0,0,0,1100000.0,13.9108207377686
1fiv,0,3,0,0,1,0,0,0,260.0,5.560681631015528
1fkn,0,0,1,0,0,0,0,0,1.6,0.47000362924573563
1fm9,3,0,2,0,0,0,0,0,1.0,0.0
1ezq,48,9,2,0,1,1,0,0,0.9,1.0
1g32,15,8,1,0,1,0,0,0,780.0,6.659293919683638
1ga9,3,0,0,0,0,0,0,0,83.0,4.418840607796598
1fv0,9,4,2,0,0,0,0,0,1180.0,7.07326971745971
1g36,22,9,0,0,1,0,0,0,67.0,4.204692619390966
1gcz,5,0,0,0,0,0,0,0,7400.0,8.909235279192261
1gfz,0,1,1,0,0,0,0,0,100000.0,11.512925464970229
1gfw,0,1,3,0,0,0,0,0,15.0,2.70805020110221
1g2m,30,7,0,0,1,2,0,0,40.0,3.6888794541139363
1gar,3,1,3,0,0,0,0,0,0.1,1.0
1gpk,1,2,2,0,0,0,0,0,4300.0,8.366370301681654
1gvx,3,2,0,0,0,0,0,0,60.0,4.0943445622221
1gpn,0,0,3,0,0,0,0,0,334.0,5.811140992976701
1h1d,8,0,0,0,0,0,0,0,6.0,1.791759469228055
1h1b,8,0,4,0,0,0,0,0,0.16,1.0
1h22,14,0,1,0,0,0,0,0,0.8,1.0
1h23,14,0,1,0,0,0,0,0,4.5,1.5040773967762742
1h46,17,0,0,0,0,2,0,0,270000.0,12.506177237980511
1hef,0,1,0,0,0,0,0,0,1.0,0.0
1hlk,1,0,5,1,0,0,0,0,10000.0,9.210340371976184
1hos,5,0,0,0,0,0,0,0,2.8,1.0296194171811581
1i37,2,1,1,0,0,0,0,0,0.27,1.0
1i48,10,0,0,0,0,1,0,0,2000.0,7.600902459542082
1hv5,1,0,2,0,0,0,0,0,5.0,1.6094379124341003
1i43,2,0,0,0,0,1,0,0,200000.0,12.206072645530174
1icj,0,0,4,0,0,0,0,0,6000000.0,15.60727002719233
1inc,5,1,5,0,0,0,0,0,0.46,1.0
1jh1,9,0,0,0,0,0,0,0,41000.0,10.621327345686446
1j17,16,0,1,0,0,1,0,0,6050.0,8.707813551024888
1jr1,0,1,6,0,0,0,0,0,6.0,1.791759469228055
1jsv,4,2,3,0,0,0,0,0,2000.0,7.600902459542082
1jwt,10,9,2,0,1,0,0,0,14.0,2.6390573296152584
1k08,0,1,1,0,0,0,0,0,4600.0,8.433811582477187
1k27,2,0,0,0,0,0,0,0,1.0,0.0
1jzs,2,0,1,0,0,0,0,0,250.0,5.521460917862246
1k4g,0,2,1,0,0,0,0,0,1400.0,7.24422751560335
1k4h,11,0,0,0,0,1,0,0,7700.0,8.948975607841776
1kav,1,1,13,0,0,0,0,0,1500.0,7.313220387090301
1k9s,0,5,0,0,0,0,0,0,300.0,5.703782474656201
1kfy,1,0,2,0,0,0,0,0,5200.0,8.556413904569519
1kf6,7,0,0,0,0,0,0,0,200.0,5.298317366548036
1kr3,1,0,7,1,0,0,0,0,10000.0,9.210340371976184
1l2s,2,0,0,0,0,0,0,0,26000.0,10.165851817003619
1kpm,4,3,1,0,0,0,0,0,1590.0,7.371489295214277
1ksn,36,9,2,0,1,0,0,0,0.4,1.0
1lox,16,0,0,0,0,0,0,0,3000.0,8.006367567650246
1lq2,0,3,0,0,0,0,0,0,1.7,0.5306282510621704
1lpz,38,7,1,0,1,0,0,0,25.0,3.2188758248682006
1lrt,0,5,2,0,0,0,0,0,2300.0,7.7406644019172415
1lqd,34,4,0,0,1,1,0,0,9.0,2.1972245773362196
1lpk,31,1,0,0,0,0,0,0,28.0,3.332204510175204
1m0n,5,0,1,0,0,0,0,0,6000000.0,15.60727002719233
1m2q,3,1,2,0,0,0,0,0,800.0,6.684611727667927
1m2r,8,2,2,0,0,0,0,0,350.0,5.857933154483459
1m4h,0,0,2,0,0,0,0,0,0.3,1.0
1mfi,0,0,1,1,0,0,0,0,2600.0,7.8632667240095735
1me7,0,0,4,0,0,0,0,0,65.0,4.174387269895637
1mhw,0,0,1,0,0,0,0,0,45.0,3.8066624897703196
1me4,2,1,9,0,0,0,0,0,146.0,4.983606621708336
1me3,2,1,11,0,0,0,0,0,64.6,4.168214410788556
1moq,0,1,0,0,0,0,0,0,350000.0,12.765688433465597
1mmr,1,7,1,0,0,0,0,0,4000.0,8.294049640102028
1mmq,1,8,5,0,0,0,0,0,30.0,3.4011973816621555
1mu6,0,1,0,0,0,0,0,0,4.2,1.4350845252893227
1mu8,7,2,3,0,0,0,0,0,1.0,0.0
1mmp,1,1,6,0,0,0,0,0,850.0,6.745236349484363
1mxo,6,0,0,0,0,0,0,0,1.0,0.0
1mx1,1,0,0,0,0,0,0,0,100000.0,11.512925464970229
1mue,9,3,3,0,0,0,0,0,2.3,0.8329091229351039
1my8,7,0,0,0,0,0,0,0,35.0,3.5553480614894135
1n2v,0,0,1,0,0,0,0,0,83000.0,11.326595886778735
1n4h,3,0,0,0,0,0,0,0,280.0,5.634789603169249
1n7i,0,1,0,0,1,0,0,0,260.0,5.560681631015528
1n46,1,1,1,0,0,0,0,0,0.03,1.0
1nc1,4,1,1,0,0,0,0,0,750.0,6.620073206530356
1ndy,7,0,0,0,0,0,0,0,680.0,6.522092798170152
1ndw,19,0,0,0,0,0,0,0,5900.0,8.68270762989381
1nax,1,1,1,0,0,0,0,0,370.0,5.91350300563827
1ndz,19,0,0,0,0,1,0,0,7.7,2.0412203288596382
1nh0,5,1,2,0,0,0,0,0,0.18,1.0
1nfw,10,0,2,0,0,0,0,0,1.1,0.09531017980432493
1nhw,14,1,1,0,0,0,0,0,14300.0,9.568014816247999
1nfu,16,0,4,0,0,0,0,0,18.0,2.8903717578961645
1nfy,10,0,2,0,0,0,0,0,1.3,0.26236426446749106
1no9,2,0,2,0,0,0,0,0,24.0,3.1780538303479458
1nnu,16,1,1,0,0,0,0,0,150.0,5.0106352940962555
1noi,0,1,1,0,0,0,0,0,700000.0,13.458835614025542
1nqc,3,1,6,0,0,0,0,0,50.0,3.912023005428146
1nvq,3,2,1,0,0,0,0,0,5.6,1.7227665977411035
1nvs,3,0,0,0,0,0,0,0,15.0,2.70805020110221
1nwl,14,2,1,0,0,0,0,0,4100000.0,15.226497531674536
1nvr,3,1,0,0,0,0,0,0,7.8,2.0541237336955462
1nyy,0,1,1,0,0,0,0,0,21000.0,9.95227771670556
1o5r,16,0,0,0,0,0,0,0,7.5,2.0149030205422647
1om1,25,0,0,0,0,0,0,0,170.0,5.135798437050262
1orw,0,3,0,0,2,0,0,0,25.1,3.2228678461377385
1owd,5,7,1,0,1,0,0,0,6.3,1.840549633397487
1os0,21,1,5,0,0,0,0,0,930.0,6.835184586147301
1owe,3,8,1,0,1,0,0,0,631.0,6.447305862541213
1owi,5,6,1,0,1,0,0,0,28.0,3.332204510175204
1owj,4,9,0,0,1,0,0,0,48.0,3.871201010907891
1owk,5,7,1,0,1,0,0,0,23.5,3.1570004211501135
1oy7,0,1,2,0,0,0,0,0,4400.0,8.389359819906353
1oxn,0,2,2,0,0,0,0,0,2100.0,7.649692623711514
1oxq,0,1,2,0,0,0,0,0,500.0,6.214608098422191
1owh,4,7,1,0,1,0,0,0,40.0,3.6888794541139363
1pa9,0,1,13,0,0,0,0,0,25000.0,10.126631103850338
1pbq,7,0,0,0,0,0,0,0,540.0,6.29156913955832
1p01,6,5,6,0,0,0,0,0,0.35,1.0
1oyt,12,8,1,0,1,0,0,0,57.0,4.04305126783455
1pi4,6,0,0,0,0,0,0,0,37.0,3.6109179126442243
1pcg,1,0,2,0,0,0,0,0,25.0,3.2188758248682006
1pme,2,0,3,0,0,0,0,0,0.4,1.0
1pi5,5,0,3,1,0,0,0,0,17.0,2.833213344056216
1pl0,10,4,1,0,0,0,0,0,6.0,1.791759469228055
1pph,3,9,2,0,1,0,0,0,1200.0,7.090076835776092
1pye,5,1,1,0,0,0,0,0,386.0,5.955837369464831
1pzp,3,1,0,0,0,0,0,0,490000.0,13.102160670086809
1pwq,1,5,1,0,0,0,0,0,11000.0,9.305650551780507
1pwu,0,3,4,0,0,0,0,0,2100.0,7.649692623711514
1pzo,10,0,4,0,0,0,0,0,480000.0,13.081541382884074
1pwp,8,6,0,0,0,2,0,0,500.0,6.214608098422191
1q1m,0,1,3,0,0,0,0,0,6900.0,8.83927669058535
1q65,0,4,0,0,0,0,0,0,3500.0,8.160518247477505
1q54,0,1,1,0,0,0,0,0,1400.0,7.24422751560335
1q5k,1,3,1,0,0,0,0,0,38.0,3.6375861597263857
1q91,5,0,0,0,0,1,0,0,70000.0,11.156250521031495
1qbq,11,1,4,0,0,0,0,0,5.0,1.6094379124341003
1qbv,0,3,1,0,0,0,0,0,4100.0,8.318742252692399
1qbo,6,8,0,0,1,0,0,0,18.0,2.8903717578961645
1qf1,9,4,1,0,0,0,0,0,48.0,3.871201010907891
1qcp,1,12,7,0,1,0,0,0,30.0,3.4011973816621555
1qf2,9,1,0,0,0,0,0,0,1200.0,7.090076835776092
1qb9,7,8,0,0,1,0,0,0,36.0,3.58351893845611
1qf0,32,7,2,0,0,0,0,0,42.0,3.7376696182833684
1qm5,0,0,2,1,0,0,0,0,1500.0,7.313220387090301
1ql9,21,0,1,0,0,1,0,0,4450.0,8.400659375160286
1qxl,13,0,0,0,0,0,0,0,11.0,2.3978952727983707
1r1i,5,5,2,0,0,0,0,0,2.9,1.0647107369924282
1r1h,8,0,3,0,0,0,0,0,1.2,0.1823215567939546
1r1j,4,6,2,0,0,0,0,0,2.3,0.8329091229351039
1rev,6,0,0,0,0,0,0,0,33.0,3.4965075614664802
1rej,1,2,1,0,0,0,0,0,5.0,1.6094379124341003
1rdt,2,0,2,0,0,0,0,0,200.0,5.298317366548036
1rm8,3,7,6,0,0,0,0,0,1.0,0.0
1re8,1,1,1,0,0,0,0,1,0.3,1.0
1s64,12,0,1,0,0,0,0,0,4.0,1.3862943611198906
1s63,11,0,6,1,0,0,0,0,0.9,1.0
1sm2,15,0,2,0,0,0,0,0,10.0,2.302585092994046
1sqt,1,8,0,0,1,0,0,0,630.0,6.4457198193855785
1std,22,0,0,0,0,0,0,0,0.05,1.0
1stc,4,1,1,0,1,0,0,0,8.0,2.0794415416798357
1t69,0,0,2,0,0,0,0,0,480.0,6.173786103901937
1ta6,15,3,2,0,0,0,0,0,0.74,1.0
1ta2,18,3,1,0,0,0,0,0,3.0,1.0986122886681098
1tl7,0,4,4,0,0,0,0,0,12.0,2.4849066497880004
1tom,9,6,1,0,1,0,0,0,5.0,1.6094379124341003
1tmn,1,1,4,0,1,0,0,0,50.0,3.912023005428146
1tsm,11,1,0,0,0,0,0,0,1000.0,6.907755278982137
1txr,28,0,1,0,0,0,0,0,18.0,2.8903717578961645
1thl,9,3,5,0,0,0,0,0,380.0,5.940171252720432
1tvo,6,4,1,0,0,0,0,0,140.0,4.941642422609304
1u0h,1,4,3,0,0,0,0,0,110.0,4.700480365792417
1uml,16,0,0,0,0,0,0,0,30.0,3.4011973816621555
1usn,2,4,3,0,0,0,0,0,18.0,2.8903717578961645
1uvt,11,6,1,0,0,0,0,0,23.0,3.1354942159291497
1v7a,7,0,0,0,0,0,0,0,9.8,2.2823823856765264
1uys,13,0,2,0,0,0,0,0,250000.0,12.429216196844383
1v2k,12,0,1,0,0,0,0,0,650.0,6.476972362889683
1v48,1,4,0,0,0,2,0,0,16.0,2.772588722239781
1v79,11,0,0,0,0,0,0,0,13.0,2.5649493574615367
1vgc,0,5,5,0,0,0,0,0,1200.0,7.090076835776092
1vot,0,1,1,0,0,0,0,0,250.0,5.521460917862246
1v2n,18,7,1,0,1,0,1,0,1250.0,7.1308988302963465
1vyq,6,1,2,0,0,0,0,0,4980.0,8.513185170018698
1vzq,9,10,1,0,1,0,0,0,36.0,3.58351893845611
1w0y,11,11,1,0,1,0,0,0,380.0,5.940171252720432
1w2k,5,9,0,0,1,0,0,0,350.0,5.857933154483459
1wm1,10,1,0,0,0,0,0,0,500.0,6.214608098422191
1ws1,5,7,3,0,0,0,0,0,0.28,1.0
1x39,0,2,0,0,0,0,0,0,0.6,1.0
1x38,11,2,0,0,0,1,0,0,1.7,0.5306282510621704
1xbo,0,1,2,0,0,0,0,0,920.0,6.824373670043086
1xgi,5,0,0,0,0,0,0,0,14000.0,9.546812608597396
1xjd,2,0,1,0,1,0,0,0,0.33,1.0
1xn2,0,1,0,0,0,0,0,0,0.03,1.0
1xk9,45,2,0,0,0,3,0,0,140.0,4.941642422609304
1x8j,4,0,0,0,0,0,0,0,110.0,4.700480365792417
1xnx,11,0,0,0,0,0,0,0,416.0,6.030685260261263
1xka,17,8,0,0,1,2,0,0,131.0,4.875197323201151
1y3y,2,9,1,0,1,0,0,0,2300.0,7.7406644019172415
1y3x,8,8,1,0,1,0,0,0,7315.0,8.897682313454224
1y6q,4,4,0,0,0,0,0,0,0.0,1.0
1y3w,6,8,1,0,1,0,0,0,1680.0,7.426549072397305
1y4z,15,0,4,1,0,0,0,0,57.0,4.04305126783455
1y3v,10,8,1,0,1,0,0,0,2300.0,7.7406644019172415
1y6r,4,5,1,0,0,0,0,0,0.08,1.0
1ydr,0,0,1,0,0,0,0,0,3000.0,8.006367567650246
1yds,1,2,1,0,0,0,0,0,1200.0,7.090076835776092
1ydt,1,0,1,0,0,0,0,0,48.0,3.871201010907891
1ya4,6,0,0,0,0,0,0,0,15200.0,9.629050706834368
1yms,0,1,2,0,0,0,0,0,1200.0,7.090076835776092
1ym1,0,4,6,0,0,0,0,0,578.0,6.359573868672378
1ypg,12,7,1,0,1,0,0,0,10.0,2.302585092994046
1yp9,10,9,1,0,1,0,0,0,7700.0,8.948975607841776
1ypj,10,7,1,0,1,0,0,0,95.0,4.553876891600541
1yqy,3,6,4,0,0,1,0,0,24.0,3.1780538303479458
1yqj,1,0,0,0,0,0,0,0,7.3,1.9878743481543455
1ype,11,7,1,0,1,0,0,0,8.0,2.0794415416798357
1yyr,2,1,0,0,0,0,0,0,510.0,6.234410725718371
1yz3,1,1,0,0,0,0,0,0,1.55,0.4382549309311553
1z9y,4,1,3,0,0,0,0,0,65.0,4.174387269895637
1z9g,4,2,0,0,0,0,0,0,2300.0,7.7406644019172415
1ze8,5,1,2,0,0,0,0,0,21.0,3.044522437723423
1z95,5,0,1,0,0,0,0,0,76.0,4.330733340286331
1zdp,4,2,0,0,0,0,0,0,1800.0,7.495541943884256
1zge,5,1,2,0,0,0,0,0,50.0,3.912023005428146
1zfq,4,3,1,0,0,1,0,0,30.0,3.4011973816621555
1zfk,6,2,2,0,0,0,0,0,12.0,2.4849066497880004
1zgi,7,1,2,0,0,0,0,0,4600.0,8.433811582477187
1zoh,8,0,0,0,0,0,0,0,100.0,4.605170185988092
1zky,0,0,1,0,0,0,0,0,560.0,6.327936783729195
1zs0,19,2,6,0,0,1,0,0,700.0,6.551080335043404
1zvx,17,2,4,0,0,2,0,0,0.6,1.0
2a3c,3,0,3,0,0,0,0,0,37000.0,10.51867319162636
2ajl,7,1,0,0,0,0,0,0,13.0,2.5649493574615367
2aj8,0,0,1,0,0,0,0,0,638.0,6.45833828334479
2ajb,3,1,1,0,0,0,0,0,3140.0,8.0519780789023
2amv,0,1,1,0,0,0,0,0,1.6,0.47000362924573563
2aox,14,0,0,0,0,0,0,0,38.2,3.6428355156125294
2aow,8,0,0,0,0,0,0,0,38.2,3.6428355156125294
2aw1,5,1,2,0,0,0,0,0,43.0,3.7612001156935624
2aov,17,0,0,0,0,0,0,0,91.0,4.51085950651685
2aou,36,1,0,0,0,3,0,0,18.6,2.9231615807191558
2b1v,2,2,0,0,0,0,0,0,1800.0,7.495541943884256
2b17,3,0,2,0,0,0,0,0,620.0,6.429719478039138
2b7f,3,2,3,0,0,0,0,0,50.0,3.912023005428146
2boh,7,1,3,0,0,0,0,0,3.0,1.0986122886681098
2bqw,15,2,2,0,0,0,0,0,3.0,1.0986122886681098
2bvx,8,3,1,0,0,0,0,0,2.0,0.6931471805599453
2bvr,5,4,2,0,1,0,0,0,200000.0,12.206072645530174
2bxu,8,5,1,0,1,0,0,0,70.0,4.248495242049359
2bxt,5,3,1,0,1,0,0,0,3.0,1.0986122886681098
2c3k,1,0,2,0,0,0,0,0,26.0,3.258096538021482
2cer,0,4,3,0,0,0,0,0,0.6,1.0
2cf9,11,7,1,0,1,0,0,0,15.0,2.70805020110221
2cji,3,0,1,0,0,0,0,0,6.0,1.791759469228055
2clx,7,5,1,0,0,0,0,0,13300.0,9.495519314209846
2d06,8,0,0,0,0,0,0,0,83200.0,11.3290026268093
2csn,0,1,1,0,0,0,0,0,39000.0,10.571316925111784
2d3u,7,0,3,0,0,0,0,0,120.0,4.787491742782046
2d3z,6,0,7,0,0,0,0,0,230.0,5.438079308923196
2d41,3,0,6,0,0,0,0,0,150.0,5.0106352940962555
2e1w,7,0,0,0,0,0,0,0,11.0,2.3978952727983707
2e94,2,3,2,0,0,0,0,0,10.0,2.302585092994046
2e93,5,0,3,0,0,0,0,0,110.0,4.700480365792417
2er0,3,1,0,0,0,0,0,0,420.0,6.040254711277414
2er6,2,2,0,0,0,0,0,0,60.0,4.0943445622221
2eep,7,2,2,0,1,0,0,0,88.1,4.478472532942134
2erz,0,0,1,0,0,0,0,0,2200.0,7.696212639346407
2esm,0,1,1,0,0,0,0,0,530.0,6.272877006546167
2etk,3,0,0,0,0,0,0,0,150.0,5.0106352940962555
2etr,0,0,1,0,0,0,0,0,150.0,5.0106352940962555
2exm,0,0,1,0,0,0,0,0,78000.0,11.26446410567173
2f6t,1,0,0,0,0,0,0,0,24000.0,10.085809109330082
2ewb,0,2,1,0,0,0,0,0,800.0,6.684611727667927
2f2h,1,1,2,0,0,0,0,0,2000.0,7.600902459542082
2f80,2,0,0,0,0,0,0,0,6.6,1.8870696490323797
2f1g,9,1,3,0,0,0,0,0,29.0,3.367295829986474
2fai,2,2,0,0,0,0,0,0,570.0,6.345636360828596
2f9b,26,6,2,0,0,0,0,0,300.0,5.703782474656201
2flb,0,8,2,0,0,0,0,0,1800.0,7.495541943884256
2fhy,21,2,11,0,0,0,0,0,1100.0,7.003065458786462
2flr,2,4,2,0,0,0,0,0,800.0,6.684611727667927
2g5t,11,1,1,0,0,0,0,0,0.82,1.0
2g5p,11,1,1,0,0,0,0,0,3.8,1.33500106673234
2g63,12,1,1,0,0,0,0,0,6.7,1.9021075263969205
2g71,9,0,1,0,0,0,0,0,35.0,3.5553480614894135
2g72,11,0,0,0,0,0,0,0,315.0,5.752572638825633
2g8n,17,1,1,0,0,0,0,0,63.0,4.143134726391533
2gbg,16,1,1,0,0,0,0,0,56.0,4.02535169073515
2gbi,10,1,0,0,0,1,0,0,3.0,1.0986122886681098
2glm,22,0,0,0,0,0,0,0,4300.0,8.366370301681654
2glp,14,0,0,0,0,0,0,0,9700.0,9.179881164491475
2gss,12,0,0,0,0,1,0,0,11500.0,9.350102314351341
2gvj,25,0,1,0,0,1,0,0,0.3,1.0
2h4g,0,0,2,1,0,0,0,0,300.0,5.703782474656201
2h15,0,2,3,0,0,0,0,0,2135.0,7.666221925662725
2h4k,0,0,2,1,0,0,0,0,3200.0,8.070906088787819
2hd6,5,1,2,0,0,0,0,0,16.0,2.772588722239781
2hdu,1,1,0,0,0,0,0,0,5000000.0,15.424948470398375
2hvc,8,0,1,0,0,0,0,0,1.5,0.4054651081081644
2i0g,2,2,0,0,0,0,0,0,0.19,1.0
2i03,9,0,1,0,0,0,0,0,1.0,0.0
2i0e,1,1,1,0,0,0,0,0,2.0,0.6931471805599453
2i3i,10,6,3,0,2,0,0,0,50.0,3.912023005428146
2i0j,10,0,0,0,0,0,0,0,2.68,0.9858167945227654
2i3z,15,0,1,0,0,0,0,0,2.0,0.6931471805599453
2i72,15,0,0,0,0,0,0,0,37.0,3.6109179126442243
2ihq,2,0,0,0,0,0,0,0,3.2,1.1631508098056809
2i80,1,0,0,0,0,0,0,0,4000.0,8.294049640102028
2ima,0,6,3,0,0,0,0,0,300.0,5.703782474656201
2itk,0,0,3,0,0,0,0,0,20.4,3.0155349008501706
2ivu,4,0,1,0,0,0,0,0,375.0,5.926926025970411
2j47,0,4,2,0,0,0,0,0,3900.0,8.268731832117737
2j34,3,0,1,0,0,0,0,0,15.0,2.70805020110221
2j4g,12,3,0,0,0,0,0,0,250.0,5.521460917862246
2j2u,4,1,3,0,0,0,0,0,47.0,3.8501476017100584
2j62,2,4,2,0,0,0,0,0,0.0,1.0
2j94,4,3,1,0,0,0,0,0,534.0,6.280395838960195
2jdv,1,4,1,0,0,0,0,0,6.3,1.840549633397487
2jfz,9,0,0,0,0,4,0,0,5800.0,8.66561319653451
2jds,4,2,1,0,0,0,0,0,6.3,1.840549633397487
2jfh,2,0,5,0,0,0,0,0,870000.0,13.676248490630767
2jh6,5,0,3,0,0,0,0,0,17.0,2.833213344056216
2jh5,4,0,3,0,0,0,0,0,367.0,5.905361848054571
2jh0,4,0,3,0,0,0,0,0,2.0,0.6931471805599453
2jj3,14,0,0,0,0,0,0,0,0.28,1.0
2jk7,9,5,2,0,1,0,0,0,67.0,4.204692619390966
2nta,2,0,1,0,0,0,0,0,16000.0,9.680344001221918
2nw4,1,0,0,0,0,0,0,0,2.11,0.7466879474879751
2o2u,6,0,1,0,0,0,0,0,400.0,5.991464547107982
2o0u,9,0,2,0,0,0,0,0,3200.0,8.070906088787819
2o9j,7,0,1,0,0,0,0,0,120.0,4.787491742782046
2oa0,4,1,2,0,0,0,0,0,120.0,4.787491742782046
2o8h,14,0,3,0,0,1,0,0,25.0,3.2188758248682006
2oag,5,1,2,0,0,0,0,0,3.4,1.2237754316221157
2obf,18,1,1,0,0,0,0,0,1.4,0.3364722366212129
2oi0,5,4,1,0,0,1,0,0,28.0,3.332204510175204
2ojg,0,4,1,0,0,0,0,0,2300.0,7.7406644019172415
2oji,0,4,2,0,0,0,0,0,86.0,4.454347296253507
2ok1,2,4,1,0,0,0,0,0,550.0,6.309918278226516
2ojj,0,4,1,0,0,0,0,0,2.0,0.6931471805599453
2ony,22,1,1,0,0,0,0,0,210.0,5.3471075307174685
2ole,8,1,2,0,0,0,1,0,56.2,4.028916756899646
2op9,0,1,0,0,0,0,0,0,2200.0,7.696212639346407
2op3,0,1,9,0,0,0,0,0,490.0,6.194405391104672
2oax,7,0,1,0,0,0,0,0,2.23,0.8020015854720274
2onz,18,1,1,0,0,0,0,0,1.3,0.26236426446749106
2oqi,8,1,2,0,0,0,0,0,3.2,1.1631508098056809
2osf,0,3,1,0,0,0,0,0,148000.0,11.904967552746252
2oqv,6,1,2,0,0,0,0,0,4.0,1.3862943611198906
2opb,9,0,0,0,0,0,0,0,1.8,0.5877866649021191
2ot1,8,0,1,0,0,0,0,1,100000.0,11.512925464970229
2ovv,4,0,0,0,0,0,0,0,12.0,2.4849066497880004
2oym,0,6,1,0,1,0,0,0,10000.0,9.210340371976184
2ovy,4,0,0,0,0,0,0,0,4.0,1.3862943611198906
2oz7,2,0,0,0,0,0,0,0,14.0,2.6390573296152584
2p16,11,0,2,0,0,0,0,0,0.08,1.0
2p3a,10,0,0,0,0,0,0,0,11.0,2.3978952727983707
2p93,11,3,0,0,0,0,0,0,1.5,0.4054651081081644
2p8o,0,5,8,0,0,0,0,0,14000.0,9.546812608597396
2p95,16,3,0,0,0,0,0,0,0.43,1.0
2pbw,1,2,0,0,1,0,0,0,5.56,1.715598108262491
2p94,16,3,1,0,0,0,0,0,0.67,1.0
2pou,5,2,2,0,0,0,0,0,38.0,3.6375861597263857
2pog,16,0,0,0,0,0,0,0,0.29,1.0
2pu2,12,0,0,0,0,0,0,0,37000.0,10.51867319162636
2pvl,5,1,1,0,0,0,0,0,24.0,3.1780538303479458
2psj,33,1,1,0,0,1,0,0,20.0,2.995732273553991
2q11,21,0,0,0,0,0,0,0,900.0,6.802394763324311
2q38,6,1,3,0,0,0,0,0,5950.0,8.691146498539675
2q70,2,0,0,0,0,0,0,0,8.3,2.1162555148025524
2qbs,2,1,1,0,0,0,0,0,210.0,5.3471075307174685
2qbr,5,0,1,0,0,0,0,0,470.0,6.152732694704104
2qd8,4,0,0,0,0,0,0,0,0.85,1.0
2qe4,10,0,0,0,0,0,0,0,11.0,2.3978952727983707
2qg2,5,1,0,0,0,0,0,0,4000.0,8.294049640102028
2qg0,1,2,0,0,0,0,0,0,1900.0,7.549609165154532
2q80,0,0,3,0,0,0,0,0,25000.0,10.126631103850338
2qo8,4,1,2,0,0,0,0,0,3.4,1.2237754316221157
2qp6,4,1,2,0,0,0,0,0,208.0,5.337538079701318
2qrh,1,0,2,0,0,0,0,0,19600.0,9.883284845218608
2qoa,4,3,1,0,0,0,0,0,52.0,3.9512437185814275
2qrg,1,0,2,0,0,0,0,0,6600.0,8.794824928014517
2qrp,1,0,2,0,0,0,0,0,630.0,6.4457198193855785
2qrq,1,0,2,0,0,0,0,0,7900.0,8.974618038455112
2qtg,0,2,0,0,0,0,0,0,8300.0,9.02401079378469
2qtu,9,0,0,0,0,0,0,0,0.53,1.0
2r2w,0,8,4,0,1,0,0,0,34000.0,10.4341158035983
2r2m,11,11,2,0,1,0,0,0,47.1,3.8522730010223722
2r59,4,1,0,0,0,0,0,0,6.5,1.8718021769015913
2r6y,7,1,1,0,0,0,0,0,0.32,1.0
2r9w,11,0,0,0,0,0,0,0,8000.0,8.987196820661973
2r6w,5,1,1,0,0,0,0,0,0.44,1.0
2r9x,9,0,0,0,0,0,0,0,14000.0,9.546812608597396
2rcx,5,0,0,0,0,0,0,0,1.0,0.0
2rcw,21,1,1,0,0,2,0,0,8.0,2.0794415416798357
2rd6,30,1,2,0,0,1,0,0,5.0,1.6094379124341003
2rfh,2,0,0,0,0,0,0,0,150.0,5.0106352940962555
2sfp,0,0,4,0,0,0,0,0,20000000.0,16.811242831518264
2std,18,0,0,0,0,0,0,0,0.14,1.0
2usn,8,2,2,0,0,0,0,0,310.0,5.736572297479192
2uwp,4,0,1,0,0,0,0,0,154.0,5.0369526024136295
2uwl,4,0,2,0,0,0,0,0,4.0,1.3862943611198906
2uwo,3,0,3,0,0,0,0,0,2.0,0.6931471805599453
2v3e,0,3,1,0,0,0,0,0,300.0,5.703782474656201
2v96,1,0,0,0,0,0,0,0,29000.0,10.275051108968611
2vc7,4,0,0,0,0,0,0,0,432700.0,12.977799926212976
2vgc,0,2,1,0,0,0,0,0,5760.0,8.658692753689937
2ves,6,0,1,0,0,0,0,0,20.0,2.995732273553991
2vj8,15,1,1,0,0,0,0,0,2.0,0.6931471805599453
2vo5,7,5,2,0,1,0,0,0,13000.0,9.472704636443673
2vot,7,5,2,0,0,0,0,0,72.0,4.276666119016055
2vr0,4,0,0,0,0,0,0,0,38000.0,10.545341438708522
2vw2,0,1,1,0,0,0,0,0,500000.0,13.122363377404328
2vnt,4,9,6,1,1,0,0,0,9.9,2.2925347571405443
2vwo,11,3,1,0,0,0,0,0,31.0,3.4339872044851463
2vvu,16,3,0,0,0,0,0,0,8.0,2.0794415416798357
2vwn,11,3,1,0,0,0,0,0,10.0,2.302585092994046
2w26,11,2,3,0,0,0,0,0,0.4,1.0
2wca,8,4,2,0,0,0,0,0,2500.0,7.824046010856292
2wbg,0,2,3,0,0,0,0,0,35200.0,10.468801361586188
2w8g,14,0,0,0,0,0,0,0,1000.0,6.907755278982137
2wb5,5,4,2,0,0,0,0,0,0.74,1.0
2wap,1,0,0,0,0,0,0,0,230.0,5.438079308923196
2wc3,0,2,2,0,0,0,0,0,830.0,6.721425700790643
2wd7,3,1,0,0,0,0,0,0,10600.0,9.268609280100158
2wed,2,0,0,0,0,0,0,0,800.0,6.684611727667927
2wgj,24,0,1,0,0,1,0,0,2.0,0.6931471805599453
2wj1,3,0,0,0,0,0,0,0,1.9,0.6418538861723947
2wj2,3,0,0,0,0,0,0,0,4.7,1.547562508716013
2wks,35,0,0,0,0,2,0,0,130.0,4.867534450455582
2wyg,18,0,3,0,0,0,0,0,2.0,0.6931471805599453
2wyj,16,0,3,0,0,0,0,0,1.0,0.0
2x7s,7,0,2,0,0,0,0,0,1660.0,7.414572881350589
2x7u,1,1,1,0,0,0,0,0,5340.0,8.582980931954241
2x2r,18,2,0,0,1,0,0,0,76.2,4.333361462692601
2xas,8,0,1,0,0,0,0,0,1300.0,7.170119543449628
2xaq,5,0,0,0,0,0,0,0,1100.0,7.003065458786462
2xba,2,5,1,0,1,0,0,0,23.68,3.164630810015805
2xb8,1,0,8,0,0,0,0,0,26.0,3.258096538021482
2xae,23,2,0,0,1,0,0,0,50.0,3.912023005428146
2xda,23,0,0,0,0,0,0,0,600.0,6.396929655216146
2xb9,20,0,0,0,0,1,0,0,170.0,5.135798437050262
2xmy,7,1,4,0,0,0,0,0,0.11,1.0
2xpk,10,4,2,0,0,0,0,0,0.01,1.0
2xys,4,1,0,0,0,0,0,0,38.0,3.6375861597263857
2y4a,21,0,0,0,0,1,0,0,42000.0,10.645424897265505
2y59,0,1,0,0,0,0,0,0,360.0,5.886104031450156
2y71,0,0,7,0,0,0,0,0,42.5,3.7495040759303713
2y76,2,0,8,0,0,0,0,0,440.0,6.0867747269123065
2y80,26,0,3,0,0,0,0,0,9.0,2.1972245773362196
2y82,23,0,3,0,0,0,0,0,4.0,1.3862943611198906
2y7z,30,0,2,0,0,0,0,0,2.0,0.6931471805599453
2y7x,22,0,3,0,0,0,0,0,1.3,0.26236426446749106
2y81,22,0,2,0,0,0,0,0,2.0,0.6931471805599453
2ydo,17,0,0,0,0,0,0,0,30.9,3.4307561839036995
2ydv,20,0,0,0,0,0,0,0,13.8,2.624668592163159
2yfx,2,2,1,0,0,0,0,0,8.2,2.1041341542702074
2yfe,3,0,1,0,0,0,0,0,236.0,5.4638318050256105
2yhd,2,1,1,0,0,0,0,0,23000.0,10.043249494911286
2yog,6,0,2,0,0,1,0,0,31000.0,10.341742483467284
2yof,4,0,2,0,0,1,0,0,25000.0,10.126631103850338
2yoh,6,0,2,0,0,1,0,0,11000.0,9.305650551780507
2yne,5,1,0,0,0,1,0,0,2.7,0.9932517730102834
2z1w,0,0,1,0,0,0,0,0,83000.0,11.326595886778735
2ynd,7,0,0,0,0,0,0,0,32.0,3.4657359027997265
2z3z,7,0,1,0,0,0,0,0,48800.0,10.795485591841238
2yz3,0,0,2,0,0,0,0,0,220.0,5.393627546352362
2z4b,10,0,0,0,0,0,0,0,0.44,1.0
2z7g,8,0,0,0,0,0,0,0,1.13,0.12221763272424911
2za0,4,0,0,0,0,0,0,0,230.0,5.438079308923196
2zaz,1,0,1,0,0,0,0,0,400.0,5.991464547107982
2zcs,5,3,1,0,0,0,0,0,6.0,1.791759469228055
2zcq,0,2,4,0,0,0,0,0,1.5,0.4054651081081644
2zc9,11,3,1,0,0,0,0,0,180.0,5.19295685089021
2zda,9,10,1,0,1,0,0,0,4.0,1.3862943611198906
2zga,0,2,0,0,1,0,0,0,480.0,6.173786103901937
2zfp,4,3,1,0,0,0,0,0,6800.0,8.824677891164198
2zgx,4,10,1,0,1,0,0,0,180.0,5.19295685089021
2zjw,2,0,0,0,0,0,0,0,20.0,2.995732273553991
2za5,23,5,3,0,1,0,0,0,3.7,1.308332819650179
2zo3,14,9,1,0,1,0,0,0,0.1,1.0
2zy1,8,1,2,0,0,0,0,0,40.0,3.6888794541139363
2zx9,1,1,2,0,0,0,0,0,0.05,1.0
3acw,4,1,0,0,0,0,0,0,17500.0,9.769956159911606
2zxg,2,0,4,0,0,0,0,0,1.5,0.4054651081081644
3a2c,1,1,1,0,0,0,0,0,126.0,4.836281906951478
3acx,7,0,0,0,0,0,0,0,2000.0,7.600902459542082
3ai8,0,1,4,0,0,0,0,0,154400.0,11.947301916572814
3anq,7,1,1,0,0,0,0,0,180.0,5.19295685089021
3amv,1,0,1,0,0,0,0,0,10.8,2.379546134130174
3aox,3,0,1,0,0,0,0,0,0.83,1.0
3b4f,2,2,0,0,0,0,0,0,7.2,1.9740810260220096
3b5r,20,0,1,0,0,0,0,0,1.7,0.5306282510621704
3b65,20,0,1,0,0,1,0,0,0.54,1.0
3b68,15,0,0,0,0,1,0,0,4.0,1.3862943611198906
3b67,1,0,3,0,0,2,0,0,1.4,0.3364722366212129
3b7u,4,0,2,0,0,0,0,0,18.0,2.8903717578961645
3b66,17,0,1,0,0,1,0,0,2.5,0.9162907318741551
3b9g,0,0,1,0,0,0,0,0,19000.0,9.852194258148577
3b7r,1,0,4,0,0,0,0,0,20.0,2.995732273553991
3b92,3,4,1,0,0,1,0,0,10.0,2.302585092994046
3bc4,0,2,0,0,1,0,0,0,4500.0,8.411832675758411
3bgp,1,0,0,0,0,0,0,0,91.0,4.51085950651685
3bgq,5,0,0,0,0,0,0,0,11.0,2.3978952727983707
3bgz,6,0,0,0,0,0,0,0,550.0,6.309918278226516
3bl1,9,0,0,0,0,0,0,0,2520.0,7.832014180505469
3blt,6,2,13,0,0,0,0,0,290000.0,12.577636201962656
3bm8,1,2,7,0,0,0,0,0,290000.0,12.577636201962656
3bkk,19,1,5,1,0,0,0,0,830.0,6.721425700790643
3bla,19,4,0,0,1,2,0,0,2.0,0.6931471805599453
3bmq,4,0,0,0,0,0,0,0,3200.0,8.070906088787819
3bmo,4,0,0,0,0,0,0,0,5400.0,8.594154232552366
3bqc,4,0,0,0,0,0,0,0,1850.0,7.52294091807237
3c14,1,1,3,0,0,0,0,0,300000.0,12.611537753638338
3caj,2,1,3,0,0,0,0,0,8.0,2.0794415416798357
3cen,15,3,2,0,0,0,0,0,5.5,1.7047480922384253
3cf9,5,0,0,0,0,0,0,0,14900.0,9.60911649193355
3cf8,4,0,0,0,0,0,0,0,12700.0,9.449357272446683
3cl0,0,0,2,0,0,0,0,0,84.8,4.440295542797857
3cl2,1,0,2,0,0,0,0,0,25.9,3.254242968705492
3d1g,3,0,1,0,0,0,0,0,10000.0,9.210340371976184
3cm2,3,6,3,0,1,0,0,0,340.0,5.8289456176102075
3d50,0,5,1,0,0,0,0,0,17000.0,9.740968623038354
3d04,9,0,0,0,0,0,0,0,900.0,6.802394763324311
3d0e,0,1,0,0,0,0,0,0,4.0,1.3862943611198906
3d8z,0,1,3,0,0,0,0,0,423000.0,12.955127458028414
3d8y,0,1,5,0,0,0,0,0,396000.0,12.889169490236618
3d94,0,1,2,0,0,0,0,0,157.0,5.056245805348308
3d9z,0,1,6,0,0,0,0,0,2.0,0.6931471805599453
3d8w,1,1,4,0,0,0,0,0,7.0,1.9459101490553132
3d7z,5,1,0,0,0,0,0,0,12.0,2.4849066497880004
3d9v,0,0,1,0,0,0,0,0,6.0,1.791759469228055
3d83,1,1,0,0,0,0,0,0,4.4,1.4816045409242156
3dcc,0,1,6,0,0,0,0,0,1.1,0.09531017980432493
3dd0,2,1,3,0,0,0,0,0,1.0,0.0
3dbu,0,1,4,0,0,0,0,0,8.8,2.174751721484161
3dcw,2,1,3,0,0,0,0,0,1.0,0.0
3dd8,0,3,2,0,0,0,0,0,14.0,2.6390573296152584
3ddg,0,3,1,0,0,0,0,0,1000.0,6.907755278982137
3dhk,17,3,1,0,0,0,0,0,47.0,3.8501476017100584
3dkf,5,0,1,0,0,0,0,0,2.7,0.9932517730102834
3dnd,2,1,1,0,0,0,0,0,16000.0,9.680344001221918
3dkg,6,0,1,0,0,0,0,0,10000.0,9.210340371976184
3dux,16,3,1,0,0,0,0,0,100.0,4.605170185988092
3eb1,0,0,1,0,0,0,0,0,16300.0,9.698920386794853
3ebh,0,3,0,0,1,0,0,0,478.2,6.170029055024225
3ebo,15,1,1,0,0,2,0,0,19010.0,9.852720435482475
3ebp,11,0,1,0,0,1,0,0,1240.0,7.122866658599083
3e92,5,1,0,0,0,0,0,0,10.0,2.302585092994046
3e93,1,1,0,0,0,0,0,0,1.4,0.3364722366212129
3ebi,2,0,3,0,0,0,0,0,79.0,4.3694478524670215
3e8r,12,6,5,0,0,1,0,0,0.18,1.0
3eft,1,1,1,0,0,0,0,0,12.0,2.4849066497880004
3ejp,0,5,1,0,0,0,0,0,2.8,1.0296194171811581
3ejr,0,5,1,0,0,0,0,0,2.7,0.9932517730102834
3egk,3,0,2,0,0,0,0,0,22000.0,9.998797732340453
3egt,11,0,3,1,0,0,0,0,1.26,0.23111172096338664
3ejq,0,5,1,0,0,0,0,0,2.7,0.9932517730102834
3eko,0,2,0,0,0,0,0,0,200.0,5.298317366548036
3ehx,14,0,5,0,0,2,0,0,25.0,3.2188758248682006
3ekr,3,2,0,0,0,0,0,0,30.0,3.4011973816621555
3ert,2,0,0,0,0,0,0,0,0.25,1.0
3ewc,1,0,0,0,0,0,0,0,20.0,2.995732273553991
3erd,4,1,2,0,0,0,0,0,0.13,1.0
3ewj,14,0,6,0,0,1,0,0,143.0,4.962844630259907
3f0r,0,2,2,0,0,0,0,0,130.0,4.867534450455582
3f3c,1,1,1,0,0,0,0,0,950.0,6.856461984594587
3f3a,3,3,5,0,0,0,0,0,64800.0,11.079060882340366
3f8e,0,1,1,0,0,0,0,0,59.0,4.07753744390572
3f68,16,3,1,0,0,0,0,0,8700.0,9.071078304642676
3f7i,9,6,2,0,1,0,0,0,46.0,3.828641396489095
3fcq,0,0,5,0,0,0,0,0,1700000.0,14.346138809026444
3f7g,6,5,2,0,2,0,0,0,43.0,3.7612001156935624
3ffp,1,2,1,0,0,0,0,0,72.5,4.283586561860629
3fkv,16,0,0,0,0,0,0,0,27.0,3.295836866004329
3fl5,3,1,2,0,0,0,0,0,52.0,3.9512437185814275
3fmz,4,0,1,0,0,0,0,0,8.3,2.1162555148025524
3fvn,4,4,2,0,0,0,0,0,169.0,5.1298987149230735
3g0w,2,1,1,0,0,0,0,0,0.3,1.0
3g2h,1,0,2,0,0,0,0,0,151300.0,11.927019899776447
3g2k,0,0,2,0,0,0,0,0,16100.0,9.686574550972555
3g30,0,1,2,0,0,0,0,0,3100000.0,14.946912669455374
3g2l,0,1,2,0,0,0,0,0,135900.0,11.819674600139235
3g2n,1,1,2,0,0,0,0,0,81000.0,11.302204433654575
3g34,13,0,2,1,0,0,0,1,1100000.0,13.9108207377686
3g32,0,0,5,0,0,0,0,0,194000.0,12.175613438045465
3g35,4,0,0,0,0,0,0,0,21000.0,9.95227771670556
3g5k,8,7,4,0,0,0,0,0,0.3,1.0
3gjw,24,0,1,0,0,3,0,0,5.0,1.6094379124341003
3grj,12,0,0,0,0,1,0,0,1000000.0,13.815510557964274
3gn7,18,0,1,0,0,1,0,0,5.0,1.6094379124341003
3gpj,2,1,1,0,0,0,0,0,7800.0,8.961879012677683
3gs6,0,0,3,0,0,0,0,0,260.0,5.560681631015528
3gss,27,0,1,0,0,1,0,0,1500.0,7.313220387090301
3h0a,3,0,2,0,0,0,0,0,33.0,3.4965075614664802
3h30,1,1,0,0,0,0,0,0,29200.0,10.281923988256374
3h1k,7,0,3,0,0,0,0,0,3000.0,8.006367567650246
3hb4,11,1,1,0,0,0,0,0,0.9,1.0
3hfb,5,1,4,1,0,0,0,0,30.0,3.4011973816621555
3hek,2,2,0,0,0,0,0,0,5.4,1.6863989535702288
3hii,34,6,1,0,1,1,0,0,290.0,5.66988092298052
3hig,21,1,0,0,0,1,0,0,13.0,2.5649493574615367
3hku,0,2,4,0,0,0,0,0,5.0,1.6094379124341003
3hl7,8,0,0,0,0,0,0,0,23.0,3.1354942159291497
3hk1,5,0,0,0,0,0,0,0,670.0,6.507277712385012
3hp9,4,0,2,0,0,0,0,0,26000.0,10.165851817003619
3hll,7,0,0,0,0,0,0,0,5.8,1.7578579175523736
3hpt,9,1,1,0,0,0,0,0,6.5,1.8718021769015913
3hvh,4,0,0,0,0,0,0,0,3.0,1.0986122886681098
3i6o,22,0,0,0,0,0,0,0,0.04,1.0
3i6c,5,0,4,0,0,0,0,1,12000.0,9.392661928770137
3ibi,1,2,2,0,0,0,0,0,2.6,0.9555114450274363
3ibu,2,2,2,0,0,0,0,0,0.7,1.0
3igp,0,1,2,0,0,0,0,0,94.5,4.548599834499697
3ijz,2,0,0,0,0,0,0,0,6000.0,8.699514748210191
3ik1,4,0,0,0,0,0,0,0,14000.0,9.546812608597396
3ikg,11,0,0,0,0,0,0,0,57.0,4.04305126783455
3io7,1,1,1,0,0,0,0,0,17.0,2.833213344056216
3iog,1,0,2,1,0,0,0,0,3000.0,8.006367567650246
3iok,1,1,1,0,0,0,0,0,11.0,2.3978952727983707
3iof,6,0,2,0,0,0,0,0,6000.0,8.699514748210191
3ipu,3,0,1,0,0,0,0,0,48.0,3.871201010907891
3ith,1,0,1,0,0,0,0,0,8.0,2.0794415416798357
3iph,6,1,0,0,0,0,0,0,25.1,3.2228678461377385
3iut,4,1,8,0,0,0,0,0,460.0,6.131226489483141
3jq7,2,3,1,0,0,0,0,0,1200.0,7.090076835776092
3jq9,3,0,0,0,0,0,0,0,400.0,5.991464547107982
3jqg,4,0,0,0,0,0,0,0,18000.0,9.798127036878302
3jqb,7,0,0,0,0,0,0,0,960.0,6.866933284461882
3jxw,3,0,0,0,0,0,0,0,1.0,0.0
3jy0,3,0,0,0,0,0,0,0,5.0,1.6094379124341003
3jya,3,0,0,0,0,0,0,0,130.1,4.86830338551846
3jwr,0,3,2,0,0,2,0,0,8.5,2.1400661634962708
3jy9,0,0,1,0,0,0,0,0,1.0,0.0
3jwq,7,0,0,0,0,0,0,0,25.0,3.2188758248682006
3jyj,17,0,2,0,0,0,0,0,1800.0,7.495541943884256
3k3a,0,0,2,0,0,0,0,0,84.0,4.430816798843313
3k97,3,2,0,0,0,0,0,0,10.0,2.302585092994046
3k99,9,1,0,0,0,0,0,0,60.0,4.0943445622221
3k7f,8,0,0,0,0,0,0,0,20.0,2.995732273553991
3k83,6,0,0,0,0,0,0,0,22.0,3.091042453358316
3kcf,2,0,1,0,0,0,0,0,35.0,3.5553480614894135
3kej,13,4,2,0,0,0,0,0,75.9,4.3294166844015844
3kek,10,2,4,0,0,0,0,0,4.4,1.4816045409242156
3kjq,7,1,2,0,0,0,0,0,1320.0,7.1853870155804165
3kid,2,2,1,0,0,0,0,0,656000.0,13.393916067926225
3kku,0,0,2,0,0,0,0,0,2000.0,7.600902459542082
3kmc,5,8,6,0,0,1,0,0,400.0,5.991464547107982
3kme,5,8,6,0,0,1,0,0,725.0,6.586171654854675
3l1s,0,1,2,0,0,0,0,0,2.0,0.6931471805599453
3kr4,6,4,2,0,1,0,0,0,25.0,3.2188758248682006
3kr5,5,3,2,1,1,0,0,0,13.0,2.5649493574615367
3l3m,24,2,1,0,0,2,0,0,6.0,1.791759469228055
3l7c,0,2,5,0,0,0,0,0,3670000.0,15.115702220030753
3l7d,1,0,2,0,0,0,0,0,6550000.0,15.694975607611434
3l7a,1,0,2,0,0,0,0,0,46420.0,10.745485679828429
3lc5,21,9,1,0,1,0,0,0,270.0,5.598421958998375
3lbl,15,0,2,0,0,1,0,0,36.0,3.58351893845611
3lc3,20,0,2,0,0,1,0,0,5900.0,8.68270762989381
3liw,9,9,0,0,1,0,0,0,25.0,3.2188758248682006
3lpf,1,0,0,0,0,0,0,0,208.0,5.337538079701318
3lxe,0,2,2,0,0,0,0,0,250.0,5.521460917862246
3ljz,23,7,5,0,0,1,0,0,7.3,1.9878743481543455
3m8t,3,4,1,0,0,0,0,0,100000.0,11.512925464970229
3mdz,3,1,4,0,0,0,0,0,0.8,1.0
3mg0,1,1,2,0,0,0,0,0,0.56,1.0
3mke,1,0,0,0,0,0,0,0,2200.0,7.696212639346407
3mnu,0,2,2,0,0,0,0,0,48.0,3.871201010907891
3mz6,0,0,1,0,0,0,0,0,63.0,4.143134726391533
3mz3,0,2,2,0,0,0,0,0,14.8,2.6946271807700692
3n0h,5,0,0,0,0,0,0,0,617.0,6.424869023905388
3n2v,15,6,5,0,0,2,0,0,31.0,3.4339872044851463
3n3g,2,1,1,0,0,0,0,0,58.0,4.060443010546419
3n7o,3,1,0,0,0,0,0,0,72.0,4.276666119016055
3n76,0,0,7,0,0,0,0,0,140.0,4.941642422609304
3nb5,5,1,2,0,0,0,0,0,18.0,2.8903717578961645
3n87,0,0,7,0,0,0,0,0,11000.0,9.305650551780507
3n86,0,0,7,0,0,0,0,0,2300.0,7.7406644019172415
3nmq,5,1,0,0,0,0,0,0,0.2,1.0
3nox,14,1,0,0,0,0,0,0,2.2,0.7884573603642703
3ns7,10,2,4,0,0,0,0,0,4.68,1.5432981099295553
3nw9,11,1,2,0,0,0,0,0,1.0,0.0
3o0g,7,2,1,0,0,0,0,0,600.0,6.396929655216146
3o3j,2,7,2,0,0,0,0,0,400.0,5.991464547107982
3o7u,1,2,3,0,0,0,0,0,52.0,3.9512437185814275
3o88,11,0,0,0,0,0,0,0,430.0,6.063785208687608
3oaw,0,2,0,0,0,0,0,0,7.0,1.9459101490553132
3oe0,4,0,2,0,0,0,0,0,2.5,0.9162907318741551
3oe5,10,2,1,0,0,0,0,0,132.0,4.882801922586371
3oe6,2,1,1,0,0,0,0,0,8.2,2.1041341542702074
3odu,6,0,0,0,0,0,0,0,7.3,1.9878743481543455
3oe9,12,0,0,0,0,0,0,0,6.6,1.8870696490323797
3oim,1,2,2,0,0,0,0,0,180.0,5.19295685089021
3oku,0,3,2,0,0,0,0,0,440.0,6.0867747269123065
3oil,0,2,2,0,0,0,0,0,2100.0,7.649692623711514
3okv,0,2,2,0,0,0,0,0,590.0,6.380122536899765
3oe8,10,2,0,0,0,0,0,0,7.3,1.9878743481543455
3owj,3,0,0,0,0,0,0,0,860.0,6.756932389247553
3oyq,7,1,2,0,0,0,0,0,10.3,2.33214389523559
3oy0,6,1,2,0,0,0,0,0,10.1,2.312535423847214
3oys,7,1,2,0,0,0,0,0,9.0,2.1972245773362196
3ozt,8,2,1,0,0,0,0,0,74900.0,11.22390916950531
3p17,10,1,0,0,0,0,0,0,33400.0,10.416311178964792
3p3h,0,1,2,0,0,0,0,0,36.0,3.58351893845611
3p3j,2,1,2,0,0,0,0,0,12.0,2.4849066497880004
3p44,5,1,2,0,0,0,0,0,9.7,2.272125885509337
3p5l,2,0,0,0,0,0,0,0,40.8,3.708682081410116
3p55,7,1,2,0,0,0,0,0,80.0,4.382026634673881
3p9h,0,0,1,0,0,0,0,0,8700.0,9.071078304642676
3pbb,12,0,2,0,0,1,0,0,95.0,4.553876891600541
3pb7,14,0,2,0,0,1,0,0,1817.0,7.504942068396171
3pe1,8,0,0,0,0,0,0,0,0.22,1.0
3pgl,1,0,0,0,0,0,0,0,5000.0,8.517193191416238
3pe2,7,0,0,0,0,0,0,0,0.17,1.0
3pjg,1,0,0,0,0,0,0,0,283000.0,12.553202176625375
3pn4,6,7,3,0,0,0,0,0,140.0,4.941642422609304
3pn1,1,0,0,0,0,0,0,0,110.0,4.700480365792417
3pn3,0,0,2,0,0,0,0,0,400.0,5.991464547107982
3pr0,4,0,0,0,0,0,0,0,0.29,1.0
3prz,0,0,1,0,0,0,0,0,26.0,3.258096538021482
3ps6,0,1,2,0,0,0,0,0,18.0,2.8903717578961645
3pwd,4,0,0,0,0,0,0,0,220.0,5.393627546352362
3ppm,3,0,0,0,0,0,0,0,0.29,1.0
3q2m,0,1,1,0,0,0,0,0,159000.0,11.976659481202368
3q43,1,5,3,0,0,0,0,0,43.0,3.7612001156935624
3qak,1,0,1,0,0,0,0,0,4.75,1.55814461804655
3q44,1,5,3,0,0,0,0,0,490.0,6.194405391104672
3qcf,30,0,0,0,0,0,0,0,2500.0,7.824046010856292
3qce,29,0,0,0,0,0,0,0,2500.0,7.824046010856292
3qdd,1,1,0,0,0,0,0,0,1.7,0.5306282510621704
3qgw,12,0,2,0,0,1,0,0,1300.0,7.170119543449628
3qiy,0,6,3,0,0,0,0,0,4600.0,8.433811582477187
3qj0,0,5,3,0,0,0,0,0,6300.0,8.748304912379623
3qiz,0,5,3,0,0,0,0,0,6100.0,8.716044050161402
3qk0,0,0,1,0,0,0,0,0,2.0,0.6931471805599453
3qqs,21,0,2,0,0,0,0,0,1500.0,7.313220387090301
3qvv,7,0,0,0,0,0,0,0,38000.0,10.545341438708522
3qtv,10,2,1,0,0,0,0,0,22500.0,10.021270588192511
3qwc,13,3,1,0,0,0,0,0,55400.0,10.922334872735375
3qx5,12,3,1,0,0,0,0,0,63500.0,11.058795184880783
3r17,8,1,2,0,0,0,0,0,390.0,5.966146739123692
3r16,6,1,2,0,0,0,0,0,50.0,3.912023005428146
3r4m,5,1,0,0,0,0,0,0,1200.0,7.090076835776092
3qs8,23,0,2,0,0,0,0,0,18000.0,9.798127036878302
3r4n,4,1,0,0,0,0,0,0,130.0,4.867534450455582
3r88,11,2,1,0,0,0,0,0,15000.0,9.615805480084347
3r6c,7,0,1,0,0,0,0,0,19000.0,9.852194258148577
3rbm,13,0,4,0,0,0,0,0,270.0,5.598421958998375
3rf5,11,0,0,0,0,0,0,0,2370.0,7.7706452341291765
3rf4,1,0,0,0,0,0,0,0,560.0,6.327936783729195
3roc,8,0,0,0,0,0,0,0,6.4,1.8562979903656263
3rwp,0,1,1,0,0,0,0,0,0.6,1.0
3rv6,6,0,4,0,0,0,0,0,21000.0,9.95227771670556
3rwq,0,1,1,0,0,0,0,0,35.0,3.5553480614894135
3ryw,14,1,3,0,0,0,0,0,570.0,6.345636360828596
3s5y,0,0,3,0,0,0,0,0,39.1,3.66612246699132
3s3v,6,0,0,0,0,0,0,0,593.0,6.385194398997726
3si3,8,1,1,0,0,0,0,0,69300.0,11.146200185177994
3sha,9,3,2,0,0,0,0,0,2600.0,7.8632667240095735
3shc,15,3,1,0,0,0,0,0,1900.0,7.549609165154532
3shj,1,1,1,0,0,0,0,0,34.0,3.5263605246161616
3sn8,10,0,1,0,0,0,0,0,2240.0,7.7142311448490855
3sv2,10,3,2,0,0,0,0,0,64000.0,11.06663836234181
3sw8,3,0,2,0,0,0,0,0,31720.0,10.364702675748784
3sxf,1,1,1,0,0,0,0,0,2.5,0.9162907318741551
3sww,13,1,0,0,0,0,0,0,4.0,1.3862943611198906
3t03,15,0,0,0,0,0,0,0,160.0,5.075173815233827
3t1a,25,0,0,0,0,0,0,0,4.3,1.4586150226995167
3t19,22,0,0,0,0,0,1,0,2.2,0.7884573603642703
3t3u,1,2,1,0,1,0,0,0,2.5,0.9162907318741551
3t3v,1,1,1,0,0,0,0,0,3.0,1.0986122886681098
3t70,9,1,2,0,0,0,0,0,500.0,6.214608098422191
3t6y,7,1,3,0,0,0,0,0,3000.0,8.006367567650246
3t64,7,1,3,0,0,0,0,0,200.0,5.298317366548036
3t60,12,1,3,0,0,0,0,0,200.0,5.298317366548036
3tam,23,0,0,0,0,0,0,0,3.7,1.308332819650179
3t8w,0,0,2,0,0,0,0,0,29.0,3.367295829986474
3tfu,3,0,0,0,0,0,0,0,520000.0,13.16158409055761
3th9,6,0,0,0,0,0,0,0,20.0,2.995732273553991
3tfn,2,0,3,0,0,0,0,0,270.0,5.598421958998375
3tt4,6,0,4,0,0,1,0,0,5.3,1.667706820558076
3tu1,4,1,0,0,0,0,0,0,250.0,5.521460917862246
3tvx,3,0,0,0,0,0,0,0,72000.0,11.184421397998193
3u7n,1,0,2,0,0,0,0,0,11.2,2.4159137783010487
3tvc,23,0,5,0,0,1,0,0,18.0,2.8903717578961645
3u7k,2,7,2,0,0,0,0,0,84.9,4.441474093317302
3u7m,1,0,3,0,0,0,0,0,35.1,3.55820113047182
3u7l,3,7,2,0,0,0,0,0,52.4,3.9589065913269965
3u8n,0,2,1,0,0,0,0,0,0.07,1.0
3u8k,0,2,0,0,0,0,0,0,2.2,0.7884573603642703
3u8l,10,0,0,0,0,0,0,0,8.9,2.186051276738094
3u8m,9,0,0,0,0,0,0,0,1.3,0.26236426446749106
3ufa,3,1,5,0,0,0,0,0,10000.0,9.210340371976184
3ui7,24,3,1,0,0,3,0,0,1.0,0.0
3uf9,13,0,1,0,0,0,0,0,7780000.0,15.867066896154574
3upx,6,2,1,0,0,0,0,0,7.5,2.0149030205422647
3uri,5,2,0,0,0,0,0,0,1.0,0.0
3uqf,1,2,1,0,0,0,0,0,20000.0,9.903487552536127
3usn,2,4,1,0,0,0,0,0,710.0,6.565264970035361
3uxd,1,0,0,0,0,0,0,0,39300.0,10.578979797857352
3uz5,1,0,0,0,0,0,0,0,60.0,4.0943445622221
3v2w,3,0,0,0,0,0,0,0,77.0,4.343805421853684
3v5p,0,2,1,0,1,0,0,0,1.1,0.09531017980432493
3v7x,2,0,0,0,0,0,0,0,2.7,0.9932517730102834
3v5t,1,1,1,0,0,0,0,0,6.0,1.791759469228055
3vbd,4,0,0,0,0,0,0,0,8.6,2.151762203259462
3vfa,8,0,0,0,0,0,0,0,0.65,1.0
3vgc,1,5,5,0,0,0,0,0,3110.0,8.04237800517328
3vw7,10,1,3,0,0,0,0,0,8.0,2.0794415416798357
3wmb,11,0,2,0,0,0,0,0,4280.0,8.361708288575842
3wmc,25,0,2,0,0,0,0,0,310.0,5.736572297479192
3wz6,6,0,0,0,0,0,0,0,1100.0,7.003065458786462
3zcl,0,0,1,0,0,0,0,0,10.1,2.312535423847214
3zc5,12,0,2,0,0,2,0,0,74.0,4.30406509320417
3zbx,11,0,1,0,0,0,0,0,6.0,1.791759469228055
3zdh,4,1,0,0,0,0,0,0,45.0,3.8066624897703196
3zcz,10,2,0,0,1,0,0,0,170.0,5.135798437050262
3zdg,3,1,1,0,0,0,0,0,79.0,4.3694478524670215
3zpr,5,0,0,0,0,0,0,0,224.0,5.4116460518550396
3zpq,8,2,0,0,1,0,0,0,67.6,4.213607983048918
3zv7,2,0,1,0,0,0,0,0,1200.0,7.090076835776092
3zvt,0,1,0,0,0,0,0,0,1200.0,7.090076835776092
3zxz,4,2,1,0,0,0,0,0,4.0,1.3862943611198906
3zze,18,0,1,0,0,0,0,0,1.3,0.26236426446749106
4a1w,7,2,0,0,0,0,0,0,50.0,3.912023005428146
4a7i,6,3,5,0,0,0,0,0,2.0,0.6931471805599453
4a50,24,2,0,0,0,0,0,0,12.2,2.501435951739211
4a51,31,2,0,0,1,0,0,0,185.8,5.224670826379739
4a95,28,0,1,0,0,1,0,0,1730.0,7.455876687491824
4acd,1,1,2,0,0,0,0,0,4.9,1.589235205116581
4acc,1,1,2,0,0,0,0,0,20.0,2.995732273553991
4acm,2,0,0,0,0,0,0,0,210.0,5.3471075307174685
4ach,2,1,1,0,0,0,0,0,22.0,3.091042453358316
4afg,12,0,1,0,0,0,0,0,5.0,1.6094379124341003
4agd,1,2,1,0,0,0,0,0,3.9,1.3609765531356006
4agc,8,2,1,0,0,0,0,0,0.02,1.0
4ag8,10,2,1,0,0,0,0,0,1.1,0.09531017980432493
4a6l,23,4,1,0,1,0,0,0,10.0,2.302585092994046
4afh,9,0,0,0,0,0,0,0,0.29,1.0
4amy,12,0,1,0,0,0,0,0,0.01,1.0
4an0,14,0,1,0,0,0,0,0,0.02,1.0
4alx,18,0,1,0,0,0,0,0,52.0,3.9512437185814275
4amz,12,0,1,0,0,0,0,0,0.15,1.0
4an1,12,0,1,0,0,0,0,0,0.06,1.0
4aoi,11,0,1,0,0,0,0,0,4.0,1.3862943611198906
4ap7,9,0,3,0,0,2,0,0,11.0,2.3978952727983707
4ayx,1,0,0,0,0,0,0,0,200000.0,12.206072645530174
4az6,0,1,4,0,0,0,0,0,0.8,1.0
4az2,5,8,2,0,1,0,0,0,47.0,3.8501476017100584
4b05,11,0,0,0,0,0,0,0,26.1,3.261935314328648
4b5d,6,0,1,0,0,0,0,0,12.8,2.5494451709255714
4b6p,5,0,5,0,0,1,0,0,74.0,4.30406509320417
4b6o,1,0,7,0,0,0,0,0,100.0,4.605170185988092
4b6q,0,0,8,0,0,0,0,0,28.0,3.332204510175204
4b7j,2,0,2,0,0,0,0,0,11.1,2.4069451083182885
4b6r,20,0,0,0,0,1,0,0,1420.0,7.258412150595307
4b6s,7,0,2,0,0,1,0,0,970.0,6.877296071497429
4b7r,2,0,2,0,0,0,0,0,0.23,1.0
4bcw,1,2,3,0,0,0,0,0,100000.0,11.512925464970229
4bam,15,11,3,0,1,0,0,0,1.14,0.131028262406404
4bbg,26,5,1,0,0,0,0,0,4.8,1.5686159179138452
4bcp,5,2,0,0,0,0,0,0,568.0,6.342121418721152
4bbh,8,1,1,0,0,0,0,0,80.0,4.382026634673881
4bf1,7,1,2,0,0,0,0,0,2.4,0.8754687373538999
4b9k,0,4,1,0,0,0,0,0,670.0,6.507277712385012
4bf6,2,1,2,0,0,0,0,0,4.5,1.5040773967762742
4bny,3,0,0,0,0,0,0,0,80.0,4.382026634673881
4btx,6,2,0,0,0,1,0,0,290.0,5.66988092298052
4bvb,11,0,0,0,0,0,0,0,33400.0,10.416311178964792
4c6z,1,0,0,0,0,0,0,0,357000.0,12.785491060761776
4c70,0,0,1,0,0,0,0,0,305000.0,12.628067055589549
4c6x,4,0,0,0,0,0,0,0,175400.0,12.07482435892022
4c72,2,0,0,0,0,0,0,0,8200.0,9.011889433252344
4cae,31,1,0,0,0,1,0,0,18.0,2.8903717578961645
4caf,5,1,0,0,0,0,0,0,75.0,4.31748811353631
4cd0,0,4,3,0,0,0,0,0,0.2,1.0
4cd1,14,3,6,0,0,0,0,0,12800.0,9.457200449907708
4cft,5,0,0,0,0,0,0,0,11160.0,9.320091235935301
4cix,1,0,7,0,0,0,0,0,34000.0,10.4341158035983
4ciy,1,0,7,0,0,0,0,0,27000.0,10.203592144986466
4clj,2,1,1,0,0,0,0,0,0.7,1.0
4cmo,0,1,1,0,0,0,0,0,0.85,1.0
4cmt,2,1,1,0,0,0,0,0,0.2,1.0
4cnh,0,1,1,0,0,0,0,0,4.0,1.3862943611198906
4cq0,0,1,3,0,0,0,0,0,8106.0,9.000359807188254
4cmu,2,1,1,0,0,0,0,0,0.2,1.0
4cpy,0,0,2,0,0,0,0,0,491.35,6.197156704808436
4cwf,2,1,0,0,0,0,0,0,32400.0,10.38591370178042
4cwq,7,3,0,0,0,0,0,0,88.0,4.477336814478207
4cwp,7,1,0,0,0,0,0,0,170.0,5.135798437050262
4cwo,2,2,0,0,0,0,0,0,6100.0,8.716044050161402
4cwn,5,1,0,0,0,0,0,0,2600.0,7.8632667240095735
4cwr,7,1,1,0,0,0,0,0,5.0,1.6094379124341003
4cws,6,3,0,0,0,0,0,0,12.0,2.4849066497880004
4cwt,1,2,0,0,0,0,0,0,179.0,5.187385805840755
4de0,0,0,3,0,0,0,0,0,1300.0,7.170119543449628
4dds,0,0,1,0,0,0,0,0,9700.0,9.179881164491475
4da5,40,0,0,0,0,0,0,0,360.0,5.886104031450156
4de2,0,0,2,0,0,0,0,0,76000.0,11.238488619268468
4de1,0,0,3,0,0,0,0,0,1100.0,7.003065458786462
4ddy,10,0,2,0,0,0,0,0,2400.0,7.783224016336037
4dfu,3,0,1,0,0,0,0,0,25100.0,10.130623125119875
4de3,6,0,1,0,0,0,0,0,3000.0,8.006367567650246
4dju,3,0,0,0,0,0,0,0,3600.0,8.1886891244442
4djw,9,0,0,0,0,0,0,0,530.0,6.272877006546167
4djy,9,0,0,0,0,0,0,0,5.4,1.6863989535702288
4djv,18,0,0,0,0,0,0,0,190.0,5.247024072160486
4djx,10,0,0,0,0,0,0,0,59.0,4.07753744390572
4djh,9,0,3,0,0,0,0,0,0.32,1.0
4dsy,0,0,1,0,0,0,0,0,37000.0,10.51867319162636
4dv8,7,2,3,0,0,0,0,0,0.58,1.0
4e3h,16,1,4,0,0,0,0,0,90.0,4.499809670330265
4e3m,0,1,2,0,0,0,0,0,0.2,1.0
4e4n,0,0,1,0,0,0,0,0,0.9,1.0
4e3n,9,0,1,0,0,0,0,0,0.05,1.0
4e3l,10,0,1,0,0,0,0,0,3.0,1.0986122886681098
4e28,7,0,1,0,0,0,0,0,1300.0,7.170119543449628
4e4l,0,0,1,0,0,0,0,0,1.7,0.5306282510621704
4e5w,0,2,1,0,0,0,0,0,22.0,3.091042453358316
4e6d,0,2,1,0,0,0,0,0,1.2,0.1823215567939546
4e6q,0,1,1,0,0,0,0,0,4.4,1.4816045409242156
4e5j,6,0,2,0,0,0,0,0,18700.0,9.836278802842678
4e9u,6,0,1,0,0,0,0,0,1500.0,7.313220387090301
4ea1,13,2,0,0,1,0,0,0,360.0,5.886104031450156
4ea2,1,1,0,0,0,0,0,0,360.0,5.886104031450156
4ei4,0,0,1,0,0,0,0,0,1.8,0.5877866649021191
4efs,20,0,5,0,0,1,0,0,2.5,0.9162907318741551
4ehz,0,1,1,0,0,0,0,0,10.0,2.302585092994046
4eky,3,0,2,0,0,0,0,0,303000.0,12.621488084491506
4ek9,0,3,0,0,0,0,0,0,38000.0,10.545341438708522
4el0,2,0,2,0,0,0,0,0,32400.0,10.38591370178042
4en4,0,1,2,0,0,0,0,0,3000.0,8.006367567650246
4eon,13,0,1,0,0,1,0,0,890.0,6.7912214627261855
4eol,13,0,1,0,0,1,0,0,890.0,6.7912214627261855
4eoi,11,0,1,0,0,1,0,0,890.0,6.7912214627261855
4eop,14,0,1,0,0,1,0,0,890.0,6.7912214627261855
4elh,12,2,1,0,0,0,0,0,8.2,2.1041341542702074
4eos,11,0,1,0,0,1,0,0,890.0,6.7912214627261855
4ewh,0,0,1,0,0,0,0,0,0.3,1.0
4f09,0,0,1,0,0,0,0,0,200.0,5.298317366548036
4f08,0,1,1,0,0,0,0,0,250.0,5.521460917862246
4f2w,4,5,0,0,0,0,0,0,0.0,1.0
4f3c,6,4,0,0,0,0,0,0,0.0,1.0
4fai,13,0,2,0,0,1,0,0,101.3,4.618086411254637
4f9v,15,0,2,0,0,1,0,0,944.0,6.8501261661455
4fbe,14,0,2,0,0,1,0,0,101.3,4.618086411254637
4f9w,22,4,2,0,0,1,0,0,114.0,4.736198448394496
4fev,0,1,1,0,0,0,0,0,3800.0,8.242756345714477
4few,0,1,1,0,0,0,0,0,6200.0,8.732304571033183
4ele,32,2,0,0,0,0,0,0,13.2,2.580216829592325
4fk6,0,1,1,0,0,0,0,0,0.2,1.0
4fkk,0,5,3,0,0,0,0,0,0.5,1.0
4frs,5,0,0,0,0,0,0,0,1.7,0.5306282510621704
4fs4,10,0,0,0,0,0,0,0,270.0,5.598421958998375
4fse,10,2,0,0,0,0,0,0,40.0,3.6888794541139363
4fsl,8,2,0,0,0,0,0,0,20.0,2.995732273553991
4g3f,1,0,0,0,0,0,0,0,4.4,1.4816045409242156
4g3e,1,1,0,0,0,0,0,0,4.2,1.4350845252893227
4gbd,0,4,1,0,0,0,0,0,0.0,1.0
4gd6,0,0,1,0,0,0,0,0,42.0,3.7376696182833684
4gfo,1,0,0,0,0,0,0,0,240.0,5.480638923341991
4gfm,0,0,1,0,0,0,0,0,60.0,4.0943445622221
4ge4,0,0,8,0,0,0,0,0,7.7,2.0412203288596382
4ggl,4,1,1,0,0,0,0,0,1.0,0.0
4ge7,0,0,7,0,0,0,0,0,7.1,1.9600947840472698
4gih,3,1,1,0,0,0,0,0,4.8,1.5686159179138452
4gii,2,1,1,0,0,0,0,0,1.8,0.5877866649021191
4gfn,4,0,1,0,0,0,0,0,5.0,1.6094379124341003
4gj3,1,1,2,0,0,0,0,0,1.4,0.3364722366212129
4gj2,1,1,2,0,0,0,0,0,2.5,0.9162907318741551
4giu,0,0,4,1,0,0,0,0,4700.0,8.45531778769815
4gk7,0,1,1,0,0,0,0,0,12.5,2.5257286443082556
4gm8,0,1,0,0,0,0,0,0,1.0,0.0
4gm3,0,1,0,0,0,0,0,0,1.0,0.0
4gkh,1,0,0,0,0,0,0,0,21500.0,9.975808214115753
4gmy,2,1,1,0,0,0,0,0,28.0,3.332204510175204
4gki,2,0,0,0,0,0,0,0,34400.0,10.44581184336149
4gkm,26,0,2,1,0,1,0,0,6800.0,8.824677891164198
4gqq,2,0,1,0,0,0,0,0,1300000.0,14.077874822431765
4gr8,4,0,4,0,0,1,0,0,14.7,2.6878474937846906
4gs6,2,1,1,0,0,0,0,0,71.0,4.2626798770413155
4gzp,0,0,2,0,0,0,0,0,14.3,2.6602595372658615
4gzt,0,0,2,0,0,0,0,0,17.0,2.833213344056216
4h1e,6,0,0,0,0,0,0,0,3.0,1.0986122886681098
4h3i,9,0,0,0,0,0,0,0,3.0,1.0986122886681098
4h3j,17,0,0,0,0,0,0,0,90.0,4.499809670330265
4h3f,9,0,0,0,0,0,0,0,1.0,0.0
4h3g,7,0,0,0,0,0,0,0,6.0,1.791759469228055
4ha5,9,0,0,0,0,0,0,0,58.0,4.060443010546419
4hdf,3,0,0,0,0,0,0,0,3.2,1.1631508098056809
4hev,0,5,3,0,0,0,0,0,460.0,6.131226489483141
4hge,1,0,1,0,0,0,0,0,11.9,2.4765384001174837
4hf4,10,0,1,0,0,0,0,0,2.4,0.8754687373538999
4hnc,2,2,0,0,0,0,0,0,670000.0,13.415032991367148
4hvb,0,0,2,0,0,0,0,0,0.11,1.0
4hwt,1,1,0,0,0,0,0,0,50000.0,10.819778284410283
4hwp,23,5,6,0,0,2,0,0,17.2,2.8449093838194073
4hwr,23,7,6,0,0,1,0,0,182.0,5.204006687076795
4hwo,23,5,6,0,0,2,0,0,2.9,1.0647107369924282
4hws,26,5,6,0,0,2,0,0,0.8,1.0
4hym,5,1,1,0,0,0,0,0,6.0,1.791759469228055
4i5c,0,0,1,0,0,0,0,0,1.5,0.4054651081081644
4i74,3,2,1,0,0,0,0,0,190.0,5.247024072160486
4i8n,3,0,0,0,0,0,0,0,35000.0,10.46310334047155
4i73,4,4,2,0,0,1,0,0,190.0,5.247024072160486
4hw2,45,0,2,1,0,0,0,0,55.0,4.007333185232471
4ij1,23,0,4,0,0,0,0,0,4000.0,8.294049640102028
4iq6,1,0,1,0,0,0,0,0,58.0,4.060443010546419
4isu,0,0,2,0,0,0,0,0,210000.0,12.254862809699606
4itp,9,1,2,0,0,0,0,0,54.0,3.9889840465642745
4isi,5,12,1,0,1,0,0,0,7.3,1.9878743481543455
4iva,0,1,3,0,0,0,0,0,68.4,4.225372824628505
4ivb,0,2,3,0,0,0,0,0,1.9,0.6418538861723947
4ivk,0,0,1,1,0,0,0,0,140000.0,11.84939770159144
4ivc,0,2,3,0,0,0,0,0,0.1,1.0
4ivd,0,2,3,0,0,0,0,0,0.3,1.0
4j26,1,1,2,0,0,0,0,0,3640.0,8.199738960630786
4j24,4,2,0,0,0,0,0,0,50.0,3.912023005428146
4hw3,46,0,2,1,0,0,0,0,320.0,5.768320995793772
4jfj,3,0,0,0,0,0,0,0,2100.0,7.649692623711514
4jhz,6,0,0,0,0,0,0,0,957.0,6.863803391452954
4jfv,8,2,0,0,1,0,0,0,520.0,6.253828811575473
4jh0,17,1,0,0,0,0,0,0,0.94,1.0
4jjg,0,0,1,0,0,0,0,0,2.0,0.6931471805599453
4jxs,5,0,2,0,0,0,0,0,18000.0,9.798127036878302
4jxw,9,0,0,0,0,0,0,0,19000.0,9.852194258148577
4jxv,14,0,4,0,0,1,0,0,31000.0,10.341742483467284
4k18,2,0,1,0,0,0,0,0,1.1,0.09531017980432493
4k5o,0,1,4,0,0,0,0,0,104000.0,11.55214617812351
4k75,0,0,2,0,0,0,0,0,56200.0,10.936672035881783
4k78,0,1,2,0,0,0,0,0,16200.0,9.692766521220475
4k77,1,0,0,0,0,0,0,0,235.0,5.459585514144159
4k3n,0,0,4,0,0,0,0,0,11.0,2.3978952727983707
4kij,0,0,7,0,0,0,0,0,50000.0,10.819778284410283
4kp0,1,0,0,0,0,0,0,0,2.24,0.8064758658669485
4ks1,3,0,2,0,0,0,0,0,1.5,0.4054651081081644
4ks3,1,2,2,0,0,0,0,0,430.0,6.063785208687608
4kiw,13,0,0,0,0,1,0,0,7500.0,8.922658299524402
4ks4,1,1,1,0,0,0,0,0,72.0,4.276666119016055
4kwg,3,0,7,0,0,0,0,0,1000.0,6.907755278982137
4kup,3,0,0,0,0,0,0,0,6000.0,8.699514748210191
4kxb,20,0,1,0,0,1,0,0,75000.0,11.225243392518447
4kiu,22,0,0,0,0,1,0,0,140000.0,11.84939770159144
4kyh,15,0,0,0,0,2,0,0,1200.0,7.090076835776092
4kz6,7,0,0,0,0,0,0,0,800000.0,13.592367006650065
4kwf,10,0,6,0,0,0,0,0,15000.0,9.615805480084347
4kz4,11,0,0,0,0,0,0,0,70000.0,11.156250521031495
4kyk,7,0,3,0,0,0,0,0,18000.0,9.798127036878302
4kz8,1,0,0,0,0,0,0,0,1600000.0,14.28551418721001
4kz5,17,0,0,0,0,1,0,0,10000000.0,16.11809565095832
4kzu,49,0,1,0,0,2,0,0,313.0,5.746203190540153
4l19,14,1,0,0,0,0,0,0,800.0,6.684611727667927
4lko,14,1,0,0,0,0,0,0,6.0,1.791759469228055
4lrr,2,0,0,0,0,0,0,0,6000.0,8.699514748210191
4lkt,13,0,0,0,0,0,0,0,1260.0,7.138866999945524
4lv3,5,0,0,0,0,0,0,0,3200.0,8.070906088787819
4lv1,18,0,0,0,0,1,0,0,40.0,3.6888794541139363
4m0e,41,0,2,0,0,3,0,0,600.0,6.396929655216146
4m1j,1,0,0,0,0,0,0,0,0.2,1.0
4m0r,18,0,6,1,0,0,0,0,6200.0,8.732304571033183
4m48,17,0,0,0,0,0,0,0,156.0,5.049856007249537
4mbf,5,0,0,0,0,0,0,0,1700.0,7.438383530044307
4mf0,29,1,1,0,0,1,0,0,8.4,2.128231705849268
4mf1,0,3,0,0,0,0,0,0,0.7,1.0
4mhy,17,0,2,0,0,1,0,0,342.0,5.834810737062605
4mi3,0,2,2,0,0,0,0,0,75290.0,11.229102602844169
4mi9,0,1,2,0,0,0,0,0,376870.0,12.839655579377238
4mho,9,0,0,0,0,0,0,1,8250.0,9.017968479328726
4mhz,12,0,1,0,0,1,0,0,134.0,4.897839799950911
4mi6,5,0,0,0,0,0,0,0,48680.0,10.793023547101463
4mjq,8,0,0,0,0,0,0,0,193000.0,12.170445467887022
4mjp,12,0,5,1,0,0,0,0,131000.0,11.782952602183288
4mhs,13,0,0,0,0,0,0,1,5140.0,8.544808358449211
4mjr,4,0,0,0,0,0,0,0,283000.0,12.553202176625375
4mic,4,0,0,0,0,0,0,0,4980.0,8.513185170018698
4mm6,28,0,0,0,0,0,0,0,205.0,5.3230099791384085
4mm8,18,0,0,0,0,0,0,0,778.0,6.656726524178391
4mm7,22,1,1,0,0,0,0,0,235500.0,12.36946619243861
4mma,18,0,0,0,0,0,0,0,920.0,6.824373670043086
4mm9,17,0,0,0,0,0,0,0,2070.0,7.635303886259415
4mnx,4,0,2,0,0,0,0,0,17730.0,9.783013399068254
4mny,4,4,3,0,0,0,0,0,1960.0,7.580699752224563
4mqp,3,0,0,0,0,0,0,0,10400.0,9.249561085129464
4msc,42,0,0,0,0,2,0,0,1100.0,7.003065458786462
4mse,31,0,0,0,0,2,0,0,690.0,6.536691597591305
4mvn,3,0,2,0,0,0,0,0,3500.0,8.160518247477505
4n1z,10,3,5,0,0,0,0,0,0.72,1.0
4n6z,0,2,0,0,1,0,0,0,16.0,2.772588722239781
4n70,1,2,0,0,1,0,0,0,0.0,1.0
4n98,4,0,0,0,0,0,0,0,280000.0,12.542544882151386
4n9a,6,0,0,0,0,0,0,0,64000.0,11.06663836234181
4n99,8,0,0,0,0,0,0,0,216000.0,12.283033686666302
4nh9,2,1,0,0,0,0,0,0,375.0,5.926926025970411
4nh8,3,0,0,0,0,0,0,0,3.0,1.0986122886681098
4nh7,1,1,0,0,0,0,0,0,4.0,1.3862943611198906
4ntj,3,0,0,0,0,0,0,0,43.9,3.7819143200811256
4nuc,27,0,1,0,0,2,0,0,910.0,6.813444599510896
4nud,9,0,0,0,0,0,0,0,84.5,4.436751534363128
4nue,27,0,0,0,0,2,0,0,150.0,5.0106352940962555
4o04,4,1,0,0,0,0,0,0,690.0,6.536691597591305
4o09,4,1,0,0,0,0,0,0,20.0,2.995732273553991
4o0b,3,1,0,0,0,0,0,0,5.0,1.6094379124341003
4o05,3,1,0,0,0,0,0,0,37.0,3.6109179126442243
4o07,6,1,0,0,0,0,0,0,42.0,3.7376696182833684
4o0t,8,1,0,0,0,0,0,0,2900.0,7.9724660159745655
4o0x,8,1,0,0,0,0,0,0,68.0,4.219507705176107
4o0y,0,1,1,0,0,0,0,0,60.0,4.0943445622221
4o0v,6,1,0,0,0,0,0,0,3.3,1.1939224684724346
4o2b,15,0,0,0,0,0,0,0,1800.0,7.495541943884256
4ocz,5,0,1,0,0,0,0,0,0.66,1.0
4obv,0,0,0,0,0,2,0,0,178000000.0,18.99729410825636
4od0,9,0,1,0,0,0,0,0,0.91,1.0
4omc,1,1,2,0,0,0,0,0,0.02,1.0
4os7,6,1,5,0,0,0,0,0,24000.0,10.085809109330082
4ovg,4,0,0,0,0,0,0,0,204000.0,12.225875272826354
4ovf,6,0,0,0,0,0,0,0,74000.0,11.211820372186306
4ozo,0,1,3,0,0,0,0,0,147000.0,11.898187865760873
4p7m,5,0,0,0,0,0,0,0,39.0,3.6635616461296463
4p6x,1,1,3,0,0,0,0,0,91.0,4.51085950651685
4ppa,11,3,1,0,0,1,0,0,0.8,1.0
4ppc,3,4,2,0,0,1,0,0,0.93,1.0
4ppb,11,3,1,0,0,1,0,0,0.1,1.0
4ps7,1,0,0,0,0,0,0,0,39.0,3.6635616461296463
4prj,1,3,0,0,0,0,0,0,72.0,4.276666119016055
4ps8,8,1,2,0,0,0,0,0,1.0,0.0
4q19,9,1,1,0,0,0,0,0,8.9,2.186051276738094
4q18,16,2,0,0,0,0,0,0,735.0,6.5998704992128365
4q1a,10,1,1,0,0,0,0,0,0.5,1.0
4q1e,22,2,0,0,0,0,0,0,6.8,1.916922612182061
4q78,11,0,0,0,0,0,0,0,700.0,6.551080335043404
4q1d,6,1,1,0,0,0,0,0,16.6,2.8094026953624978
4q93,7,3,0,0,0,0,0,0,22300.0,10.01234195744821
4qkx,19,7,3,0,1,0,0,0,85.0,4.442651256490317
4quo,3,0,0,0,0,0,0,0,12.0,2.4849066497880004
4qy3,20,0,0,0,0,0,0,0,150.0,5.0106352940962555
4r3c,7,0,0,0,0,0,0,0,101.0,4.61512051684126
4r5v,3,3,2,0,0,0,0,0,700.0,6.551080335043404
4r5t,0,6,4,0,0,0,0,0,800.0,6.684611727667927
4r5x,0,7,3,0,0,0,0,0,5500.0,8.612503371220562
4r92,12,2,0,0,0,0,0,0,39.0,3.6635616461296463
4r8y,7,0,0,0,0,0,0,0,640.0,6.461468176353717
4r93,17,3,0,0,0,0,0,0,16.0,2.772588722239781
4rfc,4,1,2,0,0,0,0,0,5.7,1.7404661748405046
4r6t,0,0,4,0,0,0,0,0,30.0,3.4011973816621555
4r76,1,1,2,0,0,0,0,0,14.0,2.6390573296152584
4riv,12,0,0,0,0,0,0,0,100.0,4.605170185988092
4rj4,2,1,1,0,0,0,0,0,16.0,2.772588722239781
4rj5,0,1,1,0,0,0,0,0,66.0,4.189654742026425
4rkx,0,0,1,0,0,0,0,0,8000.0,8.987196820661973
4rj8,2,1,1,0,0,0,0,0,17.0,2.833213344056216
4ryd,3,0,2,0,0,0,0,0,0.01,1.0
4s1g,16,0,0,0,0,0,0,0,0.6,1.0
4std,17,0,0,0,0,0,0,0,0.05,1.0
4twp,8,2,1,0,0,0,0,0,0.1,1.0
4ty6,5,0,0,0,0,0,0,0,30.0,3.4011973816621555
4ty1,3,1,0,0,0,0,0,0,0.55,1.0
4ty7,5,5,5,0,1,0,0,0,0.3,1.0
4u1b,4,0,0,0,0,0,0,0,4900.0,8.496990484098719
4tyo,13,0,4,0,0,0,0,0,80.0,4.382026634673881
4u6c,20,0,0,0,0,0,0,0,9900.0,9.20029003612268
4u71,0,0,2,0,0,0,0,0,6000.0,8.699514748210191
4u70,25,0,0,0,0,0,0,0,9500.0,9.159047077588632
4u6w,2,0,2,0,0,0,0,0,61300.0,11.023535121924303
4ual,4,2,1,0,0,0,0,0,4.0,1.3862943611198906
4um1,0,1,0,0,0,0,0,0,1700.0,7.438383530044307
4um3,10,0,0,0,0,0,0,0,29.0,3.367295829986474
4uxl,2,1,1,0,0,0,0,0,0.03,1.0
4vgc,4,2,1,0,0,0,0,0,127.0,4.844187086458591
4v24,28,0,0,0,0,1,0,0,4.3,1.4586150226995167
4wa9,3,3,2,0,0,0,0,0,3.8,1.33500106673234
4wkb,5,4,0,0,0,0,0,0,0.0,1.0
4wko,2,1,1,0,0,1,0,0,0.34,1.0
4wkn,4,4,0,0,0,0,0,0,0.19,1.0
4wkc,8,5,0,0,0,0,0,0,0.0,1.0
4wkp,7,4,0,0,0,0,0,0,0.28,1.0
4wov,2,1,1,0,0,0,0,0,72.0,4.276666119016055
4wrb,3,0,0,0,0,0,0,0,650.0,6.476972362889683
4wr8,19,0,3,0,0,0,0,1,590.0,6.380122536899765
4wxi,8,5,5,0,1,0,0,0,8.4,2.128231705849268
4x24,5,4,0,0,0,0,0,0,0.17,1.0
4x48,1,0,0,0,0,0,0,0,170.0,5.135798437050262
4x6h,11,4,1,0,0,0,0,0,22.0,3.091042453358316
4x6j,13,3,1,0,0,0,0,0,16.0,2.772588722239781
4x6i,11,2,2,0,0,0,0,0,10.0,2.302585092994046
4xiq,2,1,0,0,0,0,0,0,86.0,4.454347296253507
4xip,3,0,0,0,0,0,0,0,235.0,5.459585514144159
4xir,2,1,0,0,0,0,0,0,115.0,4.74493212836325
4xit,4,1,0,0,0,0,0,0,54.0,3.9889840465642745
4xnv,4,1,1,0,0,0,0,0,161.0,5.081404364984463
4xx3,1,0,0,0,0,0,0,0,56.0,4.02535169073515
4xx4,12,0,0,0,0,0,0,0,44.0,3.784189633918261
4y79,3,0,2,0,0,0,0,0,11.0,2.3978952727983707
4yes,2,5,1,0,0,0,0,0,9.6,2.2617630984737906
4yml,0,4,0,0,0,0,0,0,4.5,1.5040773967762742
4ynb,4,4,0,0,0,0,0,0,0.04,1.0
4yo8,8,4,0,0,0,0,0,0,0.03,1.0
4ytf,1,3,1,0,0,0,0,0,7.0,1.9459101490553132
4yth,1,0,1,0,0,0,0,0,2.0,0.6931471805599453
4yvc,1,0,1,0,0,0,0,0,1100.0,7.003065458786462
4yve,1,0,1,0,0,0,0,0,100.0,4.605170185988092
4z0q,11,1,2,0,0,0,0,0,6.8,1.916922612182061
4z1k,1,1,2,0,0,0,0,0,4.7,1.547562508716013
4z1n,1,1,2,0,0,0,0,0,5.89,1.7732559976634952
4z1j,1,1,2,0,0,0,0,0,7.7,2.0412203288596382
4z1e,3,1,2,0,0,0,0,0,5.7,1.7404661748405046
4z2b,18,0,0,0,0,0,0,0,17.5,2.8622008809294686
4zo5,31,0,1,0,0,1,0,0,0.15,1.0
4zqt,0,0,4,0,0,0,0,0,2300.0,7.7406644019172415
4zy4,1,1,0,0,0,0,0,0,22.0,3.091042453358316
5a0e,0,0,1,0,0,0,0,0,298.0,5.697093486505405
4zxy,8,6,1,0,0,0,0,0,400.0,5.991464547107982
4zbi,53,0,2,1,0,0,0,0,310.0,5.736572297479192
4zbf,55,0,2,1,0,0,0,0,74.0,4.30406509320417
5bml,0,0,1,0,0,0,0,0,10.0,2.302585092994046
5byi,9,1,2,0,0,0,0,0,30.7,3.4242626545931514
5bwc,26,0,1,0,0,0,0,0,61.0,4.110873864173311
5bwb,2,3,0,0,0,0,0,0,5000.0,8.517193191416238
5c1w,5,0,0,0,0,0,0,0,8700.0,9.071078304642676
5c1m,1,0,0,0,0,0,0,0,0.02,1.0
5c28,4,0,0,0,0,0,0,0,2200.0,7.696212639346407
5c29,6,0,0,0,0,0,0,0,880.0,6.779921907472252
5c2a,7,0,0,0,0,1,0,0,4.8,1.5686159179138452
5c2e,6,0,0,0,0,0,0,0,2.0,0.6931471805599453
5c2h,6,1,1,0,0,0,0,0,0.01,1.0
5c6p,1,0,1,0,0,0,0,0,200000.0,12.206072645530174
5c8k,3,1,1,0,0,0,0,0,20.0,2.995732273553991
5c8n,3,1,1,0,0,0,0,0,28.0,3.332204510175204
5can,2,1,1,0,0,0,0,0,124.0,4.820281565605037
5c8m,3,1,1,0,0,0,0,0,64.0,4.1588830833596715
5caq,2,1,1,0,0,0,0,0,2.7,0.9932517730102834
5c91,13,0,3,0,0,0,0,0,245800.0,12.412273476114072
5cav,1,1,1,0,0,0,0,0,216.0,5.375278407684165
5cas,2,1,1,0,0,0,0,0,1.4,0.3364722366212129
5cau,2,1,1,0,0,0,0,0,1.6,0.47000362924573563
5ceo,4,1,1,0,0,0,0,0,0.5,1.0
5ceq,5,1,1,0,0,0,0,0,42.0,3.7376696182833684
5cep,3,1,1,0,0,0,0,0,145.0,4.976733742420574
5cgc,2,0,0,0,0,0,0,0,0.5,1.0
5cgd,34,0,0,0,0,1,0,0,0.5,1.0
5cbm,0,0,4,0,0,0,0,0,17.0,2.833213344056216
5cjf,7,1,2,0,0,0,0,0,0.26,1.0
5dhj,0,2,0,0,0,0,0,0,200.0,5.298317366548036
5dia,2,3,0,0,0,0,0,0,0.04,1.0
5dgz,2,2,0,0,0,0,0,0,14.0,2.6390573296152584
5e2r,8,1,2,0,0,0,0,0,86.2,4.456670177669648
5dwr,1,1,0,0,1,0,0,0,0.01,1.0
5dhg,44,3,0,0,1,0,0,0,0.72,1.0
5dhh,32,2,0,0,1,0,0,0,0.66,1.0
5em6,1,1,1,0,0,0,0,0,4.0,1.3862943611198906
5em8,0,2,1,0,0,0,0,0,1090.0,6.993932975223189
5est,4,3,2,0,0,0,0,0,300.0,5.703782474656201
5em5,6,1,1,0,0,0,0,0,262.0,5.568344503761097
5fiv,2,1,1,0,0,0,0,0,22.0,3.091042453358316
5fl5,7,1,2,0,0,0,0,0,6.4,1.8562979903656263
5fl6,5,1,2,0,0,0,0,0,43.6,3.775057150354989
5fl4,6,1,2,0,0,0,0,0,101.0,4.61512051684126
5tln,6,6,3,0,0,0,0,0,430.0,6.063785208687608
6fiv,4,1,1,0,0,0,0,0,8.3,2.1162555148025524
6gch,2,4,4,0,0,0,0,0,20000.0,9.903487552536127
5tmn,0,1,4,0,0,0,0,0,9.1,2.2082744135228043
6cpa,5,1,2,0,0,0,0,0,0.0,1.0
6upj,0,2,0,0,0,0,0,0,480.0,6.173786103901937
8hvp,0,1,0,0,0,0,0,0,1.0,0.0
7std,12,0,0,0,0,0,0,0,0.02,1.0
6std,15,0,0,0,0,0,0,0,2.3,0.8329091229351039
7gch,1,4,5,0,0,0,0,0,2000.0,7.600902459542082
8cpa,3,1,2,0,0,0,0,0,0.71,1.0
